1556
rectangle 0 0 0 64 64 64
rectangle 64 0 0 64 64 64
rectangle 128 0 0 64 64 64
rectangle 192 0 0 64 64 64
rectangle 256 0 0 64 64 64
rectangle 320 0 0 64 64 64
rectangle 384 0 0 64 64 64
rectangle 448 0 0 64 64 64
rectangle 512 0 0 64 64 64
rectangle 576 0 0 64 64 64
rectangle 640 0 0 64 64 64
rectangle 704 0 0 64 64 64
rectangle 768 0 0 64 64 64
rectangle 832 0 0 64 64 64
rectangle 896 0 0 64 64 64
rectangle 960 0 0 64 64 64
rectangle 1024 0 0 64 64 64
rectangle 1088 0 0 64 64 64
rectangle 1152 0 0 64 64 64
rectangle 1216 0 0 64 64 64
rectangle 1280 0 0 64 64 64
rectangle 1344 0 0 64 64 64
rectangle 1408 0 0 64 64 64
rectangle 1472 0 0 64 64 64
rectangle 1536 0 0 64 64 64
rectangle 1600 0 0 64 64 64
rectangle 1664 0 0 64 64 64
rectangle 1728 0 0 64 64 64
rectangle 1792 0 0 64 64 64
rectangle 1856 0 0 64 64 64
rectangle 1920 0 0 64 64 64
rectangle 1984 0 0 64 64 64
rectangle 2048 0 0 64 64 64
rectangle 2112 0 0 64 64 64
rectangle 2176 0 0 64 64 64
rectangle 2240 0 0 64 64 64
rectangle 2304 0 0 64 64 64
rectangle 2368 0 0 64 64 64
rectangle 2432 0 0 64 64 64
rectangle 2496 0 0 64 64 64
rectangle 2560 0 0 64 64 64
rectangle 2624 0 0 64 64 64
rectangle 2688 0 0 64 64 64
rectangle 2752 0 0 64 64 64
rectangle 2816 0 0 64 64 64
rectangle 2880 0 0 64 64 64
rectangle 2944 0 0 64 64 64
rectangle 3008 0 0 64 64 64
rectangle 3072 0 0 64 64 64
rectangle 3136 0 0 64 64 64
rectangle 3200 0 0 64 64 64
rectangle 3264 0 0 64 64 64
rectangle 3328 0 0 64 64 64
rectangle 0 64 0 64 64 64
rectangle 192 64 0 64 64 64
rectangle 256 64 0 64 64 64
rectangle 320 64 0 64 64 64
rectangle 384 64 0 64 64 64
rectangle 448 64 0 64 64 64
rectangle 512 64 0 64 64 64
rectangle 576 64 0 64 64 64
rectangle 640 64 0 64 64 64
rectangle 704 64 0 64 64 64
rectangle 768 64 0 64 64 64
rectangle 832 64 0 64 64 64
rectangle 896 64 0 64 64 64
rectangle 960 64 0 64 64 64
rectangle 1024 64 0 64 64 64
rectangle 1088 64 0 64 64 64
rectangle 1152 64 0 64 64 64
rectangle 1216 64 0 64 64 64
rectangle 1280 64 0 64 64 64
rectangle 1344 64 0 64 64 64
rectangle 1408 64 0 64 64 64
rectangle 1472 64 0 64 64 64
rectangle 1536 64 0 64 64 64
rectangle 1600 64 0 64 64 64
rectangle 1664 64 0 64 64 64
rectangle 1728 64 0 64 64 64
rectangle 1792 64 0 64 64 64
rectangle 1856 64 0 64 64 64
rectangle 1920 64 0 64 64 64
rectangle 1984 64 0 64 64 64
rectangle 2048 64 0 64 64 64
rectangle 2112 64 0 64 64 64
rectangle 2176 64 0 64 64 64
rectangle 2240 64 0 64 64 64
rectangle 2304 64 0 64 64 64
rectangle 2368 64 0 64 64 64
rectangle 2432 64 0 64 64 64
rectangle 2496 64 0 64 64 64
rectangle 2560 64 0 64 64 64
rectangle 2624 64 0 64 64 64
rectangle 2688 64 0 64 64 64
rectangle 2752 64 0 64 64 64
rectangle 2816 64 0 64 64 64
rectangle 2880 64 0 64 64 64
rectangle 2944 64 0 64 64 64
rectangle 3008 64 0 64 64 64
rectangle 3072 64 0 64 64 64
rectangle 3136 64 0 64 64 64
rectangle 3200 64 0 64 64 64
rectangle 3264 64 0 64 64 64
rectangle 3328 64 0 64 64 64
rectangle 0 128 0 64 64 64
rectangle 64 128 0 64 64 64
rectangle 704 128 0 64 64 64
rectangle 1472 128 0 64 64 64
rectangle 2112 128 0 64 64 64
rectangle 2368 128 0 64 64 64
rectangle 2496 128 0 64 64 64
rectangle 2624 128 0 64 64 64
rectangle 3008 128 0 64 64 64
rectangle 3264 128 0 64 64 64
rectangle 3328 128 0 64 64 64
rectangle 0 192 0 64 64 64
rectangle 64 192 0 64 64 64
rectangle 128 192 0 64 64 64
rectangle 192 192 0 64 64 64
rectangle 256 192 0 64 64 64
rectangle 320 192 0 64 64 64
rectangle 384 192 0 64 64 64
rectangle 448 192 0 64 64 64
rectangle 576 192 0 64 64 64
rectangle 640 192 0 64 64 64
rectangle 704 192 0 64 64 64
rectangle 832 192 0 64 64 64
rectangle 896 192 0 64 64 64
rectangle 960 192 0 64 64 64
rectangle 1024 192 0 64 64 64
rectangle 1088 192 0 64 64 64
rectangle 1152 192 0 64 64 64
rectangle 1216 192 0 64 64 64
rectangle 1344 192 0 64 64 64
rectangle 1472 192 0 64 64 64
rectangle 1600 192 0 64 64 64
rectangle 1664 192 0 64 64 64
rectangle 1728 192 0 64 64 64
rectangle 1792 192 0 64 64 64
rectangle 1856 192 0 64 64 64
rectangle 1920 192 0 64 64 64
rectangle 1984 192 0 64 64 64
rectangle 2112 192 0 64 64 64
rectangle 2176 192 0 64 64 64
rectangle 2240 192 0 64 64 64
rectangle 2368 192 0 64 64 64
rectangle 2496 192 0 64 64 64
rectangle 2624 192 0 64 64 64
rectangle 2752 192 0 64 64 64
rectangle 2880 192 0 64 64 64
rectangle 3008 192 0 64 64 64
rectangle 3136 192 0 64 64 64
rectangle 3200 192 0 64 64 64
rectangle 3264 192 0 64 64 64
rectangle 3328 192 0 64 64 64
rectangle 0 256 0 64 64 64
rectangle 64 256 0 64 64 64
rectangle 576 256 0 64 64 64
rectangle 832 256 0 64 64 64
rectangle 1216 256 0 64 64 64
rectangle 1344 256 0 64 64 64
rectangle 1472 256 0 64 64 64
rectangle 1600 256 0 64 64 64
rectangle 2240 256 0 64 64 64
rectangle 2752 256 0 64 64 64
rectangle 2880 256 0 64 64 64
rectangle 3008 256 0 64 64 64
rectangle 3136 256 0 64 64 64
rectangle 3264 256 0 64 64 64
rectangle 3328 256 0 64 64 64
rectangle 0 320 0 64 64 64
rectangle 64 320 0 64 64 64
rectangle 192 320 0 64 64 64
rectangle 256 320 0 64 64 64
rectangle 320 320 0 64 64 64
rectangle 448 320 0 64 64 64
rectangle 512 320 0 64 64 64
rectangle 576 320 0 64 64 64
rectangle 640 320 0 64 64 64
rectangle 704 320 0 64 64 64
rectangle 768 320 0 64 64 64
rectangle 832 320 0 64 64 64
rectangle 896 320 0 64 64 64
rectangle 960 320 0 64 64 64
rectangle 1088 320 0 64 64 64
rectangle 1216 320 0 64 64 64
rectangle 1344 320 0 64 64 64
rectangle 1408 320 0 64 64 64
rectangle 1472 320 0 64 64 64
rectangle 1536 320 0 64 64 64
rectangle 1600 320 0 64 64 64
rectangle 1664 320 0 64 64 64
rectangle 1728 320 0 64 64 64
rectangle 1856 320 0 64 64 64
rectangle 1920 320 0 64 64 64
rectangle 1984 320 0 64 64 64
rectangle 2112 320 0 64 64 64
rectangle 2176 320 0 64 64 64
rectangle 2240 320 0 64 64 64
rectangle 2368 320 0 64 64 64
rectangle 2432 320 0 64 64 64
rectangle 2496 320 0 64 64 64
rectangle 2624 320 0 64 64 64
rectangle 2752 320 0 64 64 64
rectangle 2816 320 0 64 64 64
rectangle 2880 320 0 64 64 64
rectangle 2944 320 0 64 64 64
rectangle 3008 320 0 64 64 64
rectangle 3136 320 0 64 64 64
rectangle 3264 320 0 64 64 64
rectangle 3328 320 0 64 64 64
rectangle 0 384 0 64 64 64
rectangle 64 384 0 64 64 64
rectangle 192 384 0 64 64 64
rectangle 576 384 0 64 64 64
rectangle 960 384 0 64 64 64
rectangle 1088 384 0 64 64 64
rectangle 1728 384 0 64 64 64
rectangle 1856 384 0 64 64 64
rectangle 1984 384 0 64 64 64
rectangle 2112 384 0 64 64 64
rectangle 2368 384 0 64 64 64
rectangle 2496 384 0 64 64 64
rectangle 2624 384 0 64 64 64
rectangle 3264 384 0 64 64 64
rectangle 3328 384 0 64 64 64
rectangle 0 448 0 64 64 64
rectangle 64 448 0 64 64 64
rectangle 192 448 0 64 64 64
rectangle 320 448 0 64 64 64
rectangle 448 448 0 64 64 64
rectangle 576 448 0 64 64 64
rectangle 640 448 0 64 64 64
rectangle 704 448 0 64 64 64
rectangle 832 448 0 64 64 64
rectangle 896 448 0 64 64 64
rectangle 960 448 0 64 64 64
rectangle 1088 448 0 64 64 64
rectangle 1152 448 0 64 64 64
rectangle 1216 448 0 64 64 64
rectangle 1280 448 0 64 64 64
rectangle 1344 448 0 64 64 64
rectangle 1472 448 0 64 64 64
rectangle 1536 448 0 64 64 64
rectangle 1600 448 0 64 64 64
rectangle 1664 448 0 64 64 64
rectangle 1728 448 0 64 64 64
rectangle 1792 448 0 64 64 64
rectangle 1856 448 0 64 64 64
rectangle 1984 448 0 64 64 64
rectangle 2112 448 0 64 64 64
rectangle 2240 448 0 64 64 64
rectangle 2304 448 0 64 64 64
rectangle 2368 448 0 64 64 64
rectangle 2496 448 0 64 64 64
rectangle 2560 448 0 64 64 64
rectangle 2624 448 0 64 64 64
rectangle 2688 448 0 64 64 64
rectangle 2752 448 0 64 64 64
rectangle 2816 448 0 64 64 64
rectangle 2880 448 0 64 64 64
rectangle 3008 448 0 64 64 64
rectangle 3072 448 0 64 64 64
rectangle 3136 448 0 64 64 64
rectangle 3264 448 0 64 64 64
rectangle 3328 448 0 64 64 64
rectangle 0 512 0 64 64 64
rectangle 64 512 0 64 64 64
rectangle 192 512 0 64 64 64
rectangle 320 512 0 64 64 64
rectangle 448 512 0 64 64 64
rectangle 576 512 0 64 64 64
rectangle 704 512 0 64 64 64
rectangle 1088 512 0 64 64 64
rectangle 1472 512 0 64 64 64
rectangle 1600 512 0 64 64 64
rectangle 1856 512 0 64 64 64
rectangle 1984 512 0 64 64 64
rectangle 2112 512 0 64 64 64
rectangle 2368 512 0 64 64 64
rectangle 2624 512 0 64 64 64
rectangle 3136 512 0 64 64 64
rectangle 3264 512 0 64 64 64
rectangle 3328 512 0 64 64 64
rectangle 0 576 0 64 64 64
rectangle 64 576 0 64 64 64
rectangle 128 576 0 64 64 64
rectangle 192 576 0 64 64 64
rectangle 320 576 0 64 64 64
rectangle 384 576 0 64 64 64
rectangle 448 576 0 64 64 64
rectangle 576 576 0 64 64 64
rectangle 704 576 0 64 64 64
rectangle 768 576 0 64 64 64
rectangle 832 576 0 64 64 64
rectangle 960 576 0 64 64 64
rectangle 1088 576 0 64 64 64
rectangle 1152 576 0 64 64 64
rectangle 1216 576 0 64 64 64
rectangle 1280 576 0 64 64 64
rectangle 1344 576 0 64 64 64
rectangle 1472 576 0 64 64 64
rectangle 1600 576 0 64 64 64
rectangle 1728 576 0 64 64 64
rectangle 1856 576 0 64 64 64
rectangle 1984 576 0 64 64 64
rectangle 2112 576 0 64 64 64
rectangle 2176 576 0 64 64 64
rectangle 2240 576 0 64 64 64
rectangle 2304 576 0 64 64 64
rectangle 2368 576 0 64 64 64
rectangle 2432 576 0 64 64 64
rectangle 2496 576 0 64 64 64
rectangle 2624 576 0 64 64 64
rectangle 2752 576 0 64 64 64
rectangle 2880 576 0 64 64 64
rectangle 2944 576 0 64 64 64
rectangle 3008 576 0 64 64 64
rectangle 3136 576 0 64 64 64
rectangle 3264 576 0 64 64 64
rectangle 3328 576 0 64 64 64
rectangle 0 640 0 64 64 64
rectangle 64 640 0 64 64 64
rectangle 320 640 0 64 64 64
rectangle 448 640 0 64 64 64
rectangle 960 640 0 64 64 64
rectangle 1088 640 0 64 64 64
rectangle 1344 640 0 64 64 64
rectangle 1600 640 0 64 64 64
rectangle 1728 640 0 64 64 64
rectangle 1984 640 0 64 64 64
rectangle 2112 640 0 64 64 64
rectangle 2240 640 0 64 64 64
rectangle 2368 640 0 64 64 64
rectangle 2496 640 0 64 64 64
rectangle 2624 640 0 64 64 64
rectangle 2752 640 0 64 64 64
rectangle 2880 640 0 64 64 64
rectangle 3136 640 0 64 64 64
rectangle 3264 640 0 64 64 64
rectangle 3328 640 0 64 64 64
rectangle 0 704 0 64 64 64
rectangle 64 704 0 64 64 64
rectangle 128 704 0 64 64 64
rectangle 192 704 0 64 64 64
rectangle 320 704 0 64 64 64
rectangle 448 704 0 64 64 64
rectangle 512 704 0 64 64 64
rectangle 576 704 0 64 64 64
rectangle 640 704 0 64 64 64
rectangle 704 704 0 64 64 64
rectangle 768 704 0 64 64 64
rectangle 832 704 0 64 64 64
rectangle 960 704 0 64 64 64
rectangle 1024 704 0 64 64 64
rectangle 1088 704 0 64 64 64
rectangle 1216 704 0 64 64 64
rectangle 1280 704 0 64 64 64
rectangle 1344 704 0 64 64 64
rectangle 1408 704 0 64 64 64
rectangle 1472 704 0 64 64 64
rectangle 1536 704 0 64 64 64
rectangle 1600 704 0 64 64 64
rectangle 1664 704 0 64 64 64
rectangle 1728 704 0 64 64 64
rectangle 1792 704 0 64 64 64
rectangle 1856 704 0 64 64 64
rectangle 1984 704 0 64 64 64
rectangle 2112 704 0 64 64 64
rectangle 2240 704 0 64 64 64
rectangle 2368 704 0 64 64 64
rectangle 2496 704 0 64 64 64
rectangle 2624 704 0 64 64 64
rectangle 2688 704 0 64 64 64
rectangle 2752 704 0 64 64 64
rectangle 2880 704 0 64 64 64
rectangle 3008 704 0 64 64 64
rectangle 3072 704 0 64 64 64
rectangle 3136 704 0 64 64 64
rectangle 3264 704 0 64 64 64
rectangle 3328 704 0 64 64 64
rectangle 0 768 0 64 64 64
rectangle 64 768 0 64 64 64
rectangle 192 768 0 64 64 64
rectangle 448 768 0 64 64 64
rectangle 704 768 0 64 64 64
rectangle 1472 768 0 64 64 64
rectangle 1600 768 0 64 64 64
rectangle 2112 768 0 64 64 64
rectangle 2368 768 0 64 64 64
rectangle 2624 768 0 64 64 64
rectangle 2880 768 0 64 64 64
rectangle 3136 768 0 64 64 64
rectangle 3264 768 0 64 64 64
rectangle 3328 768 0 64 64 64
rectangle 0 832 0 64 64 64
rectangle 64 832 0 64 64 64
rectangle 192 832 0 64 64 64
rectangle 256 832 0 64 64 64
rectangle 320 832 0 64 64 64
rectangle 448 832 0 64 64 64
rectangle 576 832 0 64 64 64
rectangle 704 832 0 64 64 64
rectangle 768 832 0 64 64 64
rectangle 832 832 0 64 64 64
rectangle 960 832 0 64 64 64
rectangle 1024 832 0 64 64 64
rectangle 1088 832 0 64 64 64
rectangle 1152 832 0 64 64 64
rectangle 1216 832 0 64 64 64
rectangle 1280 832 0 64 64 64
rectangle 1344 832 0 64 64 64
rectangle 1408 832 0 64 64 64
rectangle 1472 832 0 64 64 64
rectangle 1600 832 0 64 64 64
rectangle 1728 832 0 64 64 64
rectangle 1792 832 0 64 64 64
rectangle 1856 832 0 64 64 64
rectangle 1920 832 0 64 64 64
rectangle 1984 832 0 64 64 64
rectangle 2048 832 0 64 64 64
rectangle 2112 832 0 64 64 64
rectangle 2240 832 0 64 64 64
rectangle 2304 832 0 64 64 64
rectangle 2368 832 0 64 64 64
rectangle 2496 832 0 64 64 64
rectangle 2560 832 0 64 64 64
rectangle 2624 832 0 64 64 64
rectangle 2688 832 0 64 64 64
rectangle 2752 832 0 64 64 64
rectangle 2880 832 0 64 64 64
rectangle 2944 832 0 64 64 64
rectangle 3008 832 0 64 64 64
rectangle 3072 832 0 64 64 64
rectangle 3136 832 0 64 64 64
rectangle 3264 832 0 64 64 64
rectangle 3328 832 0 64 64 64
rectangle 0 896 0 64 64 64
rectangle 64 896 0 64 64 64
rectangle 192 896 0 64 64 64
rectangle 320 896 0 64 64 64
rectangle 576 896 0 64 64 64
rectangle 832 896 0 64 64 64
rectangle 960 896 0 64 64 64
rectangle 1600 896 0 64 64 64
rectangle 1728 896 0 64 64 64
rectangle 2496 896 0 64 64 64
rectangle 3008 896 0 64 64 64
rectangle 3264 896 0 64 64 64
rectangle 3328 896 0 64 64 64
rectangle 0 960 0 64 64 64
rectangle 64 960 0 64 64 64
rectangle 192 960 0 64 64 64
rectangle 320 960 0 64 64 64
rectangle 384 960 0 64 64 64
rectangle 448 960 0 64 64 64
rectangle 512 960 0 64 64 64
rectangle 576 960 0 64 64 64
rectangle 640 960 0 64 64 64
rectangle 704 960 0 64 64 64
rectangle 832 960 0 64 64 64
rectangle 896 960 0 64 64 64
rectangle 960 960 0 64 64 64
rectangle 1024 960 0 64 64 64
rectangle 1088 960 0 64 64 64
rectangle 1216 960 0 64 64 64
rectangle 1280 960 0 64 64 64
rectangle 1344 960 0 64 64 64
rectangle 1408 960 0 64 64 64
rectangle 1472 960 0 64 64 64
rectangle 1536 960 0 64 64 64
rectangle 1600 960 0 64 64 64
rectangle 1728 960 0 64 64 64
rectangle 1792 960 0 64 64 64
rectangle 1856 960 0 64 64 64
rectangle 1920 960 0 64 64 64
rectangle 1984 960 0 64 64 64
rectangle 2048 960 0 64 64 64
rectangle 2112 960 0 64 64 64
rectangle 2176 960 0 64 64 64
rectangle 2240 960 0 64 64 64
rectangle 2368 960 0 64 64 64
rectangle 2432 960 0 64 64 64
rectangle 2496 960 0 64 64 64
rectangle 2560 960 0 64 64 64
rectangle 2624 960 0 64 64 64
rectangle 2688 960 0 64 64 64
rectangle 2752 960 0 64 64 64
rectangle 2880 960 0 64 64 64
rectangle 2944 960 0 64 64 64
rectangle 3008 960 0 64 64 64
rectangle 3136 960 0 64 64 64
rectangle 3264 960 0 64 64 64
rectangle 3328 960 0 64 64 64
rectangle 0 1024 0 64 64 64
rectangle 64 1024 0 64 64 64
rectangle 320 1024 0 64 64 64
rectangle 576 1024 0 64 64 64
rectangle 832 1024 0 64 64 64
rectangle 1856 1024 0 64 64 64
rectangle 2112 1024 0 64 64 64
rectangle 2240 1024 0 64 64 64
rectangle 2368 1024 0 64 64 64
rectangle 2752 1024 0 64 64 64
rectangle 2880 1024 0 64 64 64
rectangle 3008 1024 0 64 64 64
rectangle 3136 1024 0 64 64 64
rectangle 3264 1024 0 64 64 64
rectangle 3328 1024 0 64 64 64
rectangle 0 1088 0 64 64 64
rectangle 64 1088 0 64 64 64
rectangle 128 1088 0 64 64 64
rectangle 192 1088 0 64 64 64
rectangle 320 1088 0 64 64 64
rectangle 448 1088 0 64 64 64
rectangle 512 1088 0 64 64 64
rectangle 576 1088 0 64 64 64
rectangle 704 1088 0 64 64 64
rectangle 768 1088 0 64 64 64
rectangle 832 1088 0 64 64 64
rectangle 896 1088 0 64 64 64
rectangle 960 1088 0 64 64 64
rectangle 1088 1088 0 64 64 64
rectangle 1152 1088 0 64 64 64
rectangle 1216 1088 0 64 64 64
rectangle 1344 1088 0 64 64 64
rectangle 1472 1088 0 64 64 64
rectangle 1536 1088 0 64 64 64
rectangle 1600 1088 0 64 64 64
rectangle 1728 1088 0 64 64 64
rectangle 1792 1088 0 64 64 64
rectangle 1856 1088 0 64 64 64
rectangle 1920 1088 0 64 64 64
rectangle 1984 1088 0 64 64 64
rectangle 2112 1088 0 64 64 64
rectangle 2240 1088 0 64 64 64
rectangle 2368 1088 0 64 64 64
rectangle 2432 1088 0 64 64 64
rectangle 2496 1088 0 64 64 64
rectangle 2624 1088 0 64 64 64
rectangle 2688 1088 0 64 64 64
rectangle 2752 1088 0 64 64 64
rectangle 2880 1088 0 64 64 64
rectangle 3008 1088 0 64 64 64
rectangle 3072 1088 0 64 64 64
rectangle 3136 1088 0 64 64 64
rectangle 3200 1088 0 64 64 64
rectangle 3264 1088 0 64 64 64
rectangle 3328 1088 0 64 64 64
rectangle 0 1152 0 64 64 64
rectangle 64 1152 0 64 64 64
rectangle 448 1152 0 64 64 64
rectangle 576 1152 0 64 64 64
rectangle 1088 1152 0 64 64 64
rectangle 1216 1152 0 64 64 64
rectangle 1344 1152 0 64 64 64
rectangle 1472 1152 0 64 64 64
rectangle 1856 1152 0 64 64 64
rectangle 2240 1152 0 64 64 64
rectangle 2368 1152 0 64 64 64
rectangle 2752 1152 0 64 64 64
rectangle 3264 1152 0 64 64 64
rectangle 3328 1152 0 64 64 64
rectangle 0 1216 0 64 64 64
rectangle 64 1216 0 64 64 64
rectangle 128 1216 0 64 64 64
rectangle 192 1216 0 64 64 64
rectangle 320 1216 0 64 64 64
rectangle 448 1216 0 64 64 64
rectangle 576 1216 0 64 64 64
rectangle 640 1216 0 64 64 64
rectangle 704 1216 0 64 64 64
rectangle 832 1216 0 64 64 64
rectangle 960 1216 0 64 64 64
rectangle 1024 1216 0 64 64 64
rectangle 1088 1216 0 64 64 64
rectangle 1216 1216 0 64 64 64
rectangle 1344 1216 0 64 64 64
rectangle 1408 1216 0 64 64 64
rectangle 1472 1216 0 64 64 64
rectangle 1536 1216 0 64 64 64
rectangle 1600 1216 0 64 64 64
rectangle 1728 1216 0 64 64 64
rectangle 1792 1216 0 64 64 64
rectangle 1856 1216 0 64 64 64
rectangle 1920 1216 0 64 64 64
rectangle 1984 1216 0 64 64 64
rectangle 2112 1216 0 64 64 64
rectangle 2240 1216 0 64 64 64
rectangle 2368 1216 0 64 64 64
rectangle 2432 1216 0 64 64 64
rectangle 2496 1216 0 64 64 64
rectangle 2560 1216 0 64 64 64
rectangle 2624 1216 0 64 64 64
rectangle 2752 1216 0 64 64 64
rectangle 2880 1216 0 64 64 64
rectangle 2944 1216 0 64 64 64
rectangle 3008 1216 0 64 64 64
rectangle 3136 1216 0 64 64 64
rectangle 3200 1216 0 64 64 64
rectangle 3264 1216 0 64 64 64
rectangle 3328 1216 0 64 64 64
rectangle 0 1280 0 64 64 64
rectangle 64 1280 0 64 64 64
rectangle 320 1280 0 64 64 64
rectangle 576 1280 0 64 64 64
rectangle 832 1280 0 64 64 64
rectangle 960 1280 0 64 64 64
rectangle 1344 1280 0 64 64 64
rectangle 1728 1280 0 64 64 64
rectangle 1984 1280 0 64 64 64
rectangle 2112 1280 0 64 64 64
rectangle 2240 1280 0 64 64 64
rectangle 2368 1280 0 64 64 64
rectangle 3008 1280 0 64 64 64
rectangle 3264 1280 0 64 64 64
rectangle 3328 1280 0 64 64 64
rectangle 0 1344 0 64 64 64
rectangle 64 1344 0 64 64 64
rectangle 192 1344 0 64 64 64
rectangle 320 1344 0 64 64 64
rectangle 384 1344 0 64 64 64
rectangle 448 1344 0 64 64 64
rectangle 512 1344 0 64 64 64
rectangle 576 1344 0 64 64 64
rectangle 704 1344 0 64 64 64
rectangle 768 1344 0 64 64 64
rectangle 832 1344 0 64 64 64
rectangle 896 1344 0 64 64 64
rectangle 960 1344 0 64 64 64
rectangle 1024 1344 0 64 64 64
rectangle 1088 1344 0 64 64 64
rectangle 1216 1344 0 64 64 64
rectangle 1280 1344 0 64 64 64
rectangle 1344 1344 0 64 64 64
rectangle 1472 1344 0 64 64 64
rectangle 1536 1344 0 64 64 64
rectangle 1600 1344 0 64 64 64
rectangle 1728 1344 0 64 64 64
rectangle 1792 1344 0 64 64 64
rectangle 1856 1344 0 64 64 64
rectangle 1984 1344 0 64 64 64
rectangle 2048 1344 0 64 64 64
rectangle 2112 1344 0 64 64 64
rectangle 2240 1344 0 64 64 64
rectangle 2368 1344 0 64 64 64
rectangle 2432 1344 0 64 64 64
rectangle 2496 1344 0 64 64 64
rectangle 2560 1344 0 64 64 64
rectangle 2624 1344 0 64 64 64
rectangle 2752 1344 0 64 64 64
rectangle 2816 1344 0 64 64 64
rectangle 2880 1344 0 64 64 64
rectangle 2944 1344 0 64 64 64
rectangle 3008 1344 0 64 64 64
rectangle 3072 1344 0 64 64 64
rectangle 3136 1344 0 64 64 64
rectangle 3200 1344 0 64 64 64
rectangle 3264 1344 0 64 64 64
rectangle 3328 1344 0 64 64 64
rectangle 0 1408 0 64 64 64
rectangle 64 1408 0 64 64 64
rectangle 192 1408 0 64 64 64
rectangle 320 1408 0 64 64 64
rectangle 448 1408 0 64 64 64
rectangle 832 1408 0 64 64 64
rectangle 1088 1408 0 64 64 64
rectangle 1344 1408 0 64 64 64
rectangle 1472 1408 0 64 64 64
rectangle 1600 1408 0 64 64 64
rectangle 2624 1408 0 64 64 64
rectangle 2880 1408 0 64 64 64
rectangle 3264 1408 0 64 64 64
rectangle 3328 1408 0 64 64 64
rectangle 0 1472 0 64 64 64
rectangle 64 1472 0 64 64 64
rectangle 192 1472 0 64 64 64
rectangle 256 1472 0 64 64 64
rectangle 320 1472 0 64 64 64
rectangle 448 1472 0 64 64 64
rectangle 576 1472 0 64 64 64
rectangle 640 1472 0 64 64 64
rectangle 704 1472 0 64 64 64
rectangle 832 1472 0 64 64 64
rectangle 960 1472 0 64 64 64
rectangle 1024 1472 0 64 64 64
rectangle 1088 1472 0 64 64 64
rectangle 1152 1472 0 64 64 64
rectangle 1216 1472 0 64 64 64
rectangle 1280 1472 0 64 64 64
rectangle 1344 1472 0 64 64 64
rectangle 1408 1472 0 64 64 64
rectangle 1472 1472 0 64 64 64
rectangle 1600 1472 0 64 64 64
rectangle 1728 1472 0 64 64 64
rectangle 1856 1472 0 64 64 64
rectangle 1984 1472 0 64 64 64
rectangle 2048 1472 0 64 64 64
rectangle 2112 1472 0 64 64 64
rectangle 2240 1472 0 64 64 64
rectangle 2304 1472 0 64 64 64
rectangle 2368 1472 0 64 64 64
rectangle 2432 1472 0 64 64 64
rectangle 2496 1472 0 64 64 64
rectangle 2624 1472 0 64 64 64
rectangle 2688 1472 0 64 64 64
rectangle 2752 1472 0 64 64 64
rectangle 2880 1472 0 64 64 64
rectangle 2944 1472 0 64 64 64
rectangle 3008 1472 0 64 64 64
rectangle 3072 1472 0 64 64 64
rectangle 3136 1472 0 64 64 64
rectangle 3264 1472 0 64 64 64
rectangle 3328 1472 0 64 64 64
rectangle 0 1536 0 64 64 64
rectangle 64 1536 0 64 64 64
rectangle 576 1536 0 64 64 64
rectangle 704 1536 0 64 64 64
rectangle 832 1536 0 64 64 64
rectangle 960 1536 0 64 64 64
rectangle 1216 1536 0 64 64 64
rectangle 1600 1536 0 64 64 64
rectangle 1728 1536 0 64 64 64
rectangle 1856 1536 0 64 64 64
rectangle 2112 1536 0 64 64 64
rectangle 2240 1536 0 64 64 64
rectangle 2496 1536 0 64 64 64
rectangle 2752 1536 0 64 64 64
rectangle 3264 1536 0 64 64 64
rectangle 3328 1536 0 64 64 64
rectangle 0 1600 0 64 64 64
rectangle 64 1600 0 64 64 64
rectangle 128 1600 0 64 64 64
rectangle 192 1600 0 64 64 64
rectangle 256 1600 0 64 64 64
rectangle 320 1600 0 64 64 64
rectangle 448 1600 0 64 64 64
rectangle 512 1600 0 64 64 64
rectangle 576 1600 0 64 64 64
rectangle 704 1600 0 64 64 64
rectangle 768 1600 0 64 64 64
rectangle 832 1600 0 64 64 64
rectangle 960 1600 0 64 64 64
rectangle 1088 1600 0 64 64 64
rectangle 1152 1600 0 64 64 64
rectangle 1216 1600 0 64 64 64
rectangle 1344 1600 0 64 64 64
rectangle 1408 1600 0 64 64 64
rectangle 1472 1600 0 64 64 64
rectangle 1536 1600 0 64 64 64
rectangle 1600 1600 0 64 64 64
rectangle 1728 1600 0 64 64 64
rectangle 1792 1600 0 64 64 64
rectangle 1856 1600 0 64 64 64
rectangle 1984 1600 0 64 64 64
rectangle 2112 1600 0 64 64 64
rectangle 2240 1600 0 64 64 64
rectangle 2368 1600 0 64 64 64
rectangle 2432 1600 0 64 64 64
rectangle 2496 1600 0 64 64 64
rectangle 2560 1600 0 64 64 64
rectangle 2624 1600 0 64 64 64
rectangle 2752 1600 0 64 64 64
rectangle 2816 1600 0 64 64 64
rectangle 2880 1600 0 64 64 64
rectangle 2944 1600 0 64 64 64
rectangle 3008 1600 0 64 64 64
rectangle 3136 1600 0 64 64 64
rectangle 3200 1600 0 64 64 64
rectangle 3264 1600 0 64 64 64
rectangle 3328 1600 0 64 64 64
rectangle 0 1664 0 64 64 64
rectangle 64 1664 0 64 64 64
rectangle 192 1664 0 64 64 64
rectangle 448 1664 0 64 64 64
rectangle 576 1664 0 64 64 64
rectangle 1472 1664 0 64 64 64
rectangle 1856 1664 0 64 64 64
rectangle 1984 1664 0 64 64 64
rectangle 2112 1664 0 64 64 64
rectangle 2368 1664 0 64 64 64
rectangle 2624 1664 0 64 64 64
rectangle 2752 1664 0 64 64 64
rectangle 3264 1664 0 64 64 64
rectangle 3328 1664 0 64 64 64
rectangle 0 1728 0 64 64 64
rectangle 64 1728 0 64 64 64
rectangle 192 1728 0 64 64 64
rectangle 256 1728 0 64 64 64
rectangle 320 1728 0 64 64 64
rectangle 384 1728 0 64 64 64
rectangle 448 1728 0 64 64 64
rectangle 576 1728 0 64 64 64
rectangle 704 1728 0 64 64 64
rectangle 768 1728 0 64 64 64
rectangle 832 1728 0 64 64 64
rectangle 960 1728 0 64 64 64
rectangle 1088 1728 0 64 64 64
rectangle 1216 1728 0 64 64 64
rectangle 1280 1728 0 64 64 64
rectangle 1344 1728 0 64 64 64
rectangle 1472 1728 0 64 64 64
rectangle 1536 1728 0 64 64 64
rectangle 1600 1728 0 64 64 64
rectangle 1664 1728 0 64 64 64
rectangle 1728 1728 0 64 64 64
rectangle 1856 1728 0 64 64 64
rectangle 1920 1728 0 64 64 64
rectangle 1984 1728 0 64 64 64
rectangle 2048 1728 0 64 64 64
rectangle 2112 1728 0 64 64 64
rectangle 2240 1728 0 64 64 64
rectangle 2304 1728 0 64 64 64
rectangle 2368 1728 0 64 64 64
rectangle 2496 1728 0 64 64 64
rectangle 2560 1728 0 64 64 64
rectangle 2624 1728 0 64 64 64
rectangle 2752 1728 0 64 64 64
rectangle 2880 1728 0 64 64 64
rectangle 2944 1728 0 64 64 64
rectangle 3008 1728 0 64 64 64
rectangle 3136 1728 0 64 64 64
rectangle 3200 1728 0 64 64 64
rectangle 3264 1728 0 64 64 64
rectangle 3328 1728 0 64 64 64
rectangle 0 1792 0 64 64 64
rectangle 64 1792 0 64 64 64
rectangle 704 1792 0 64 64 64
rectangle 960 1792 0 64 64 64
rectangle 1088 1792 0 64 64 64
rectangle 1216 1792 0 64 64 64
rectangle 1472 1792 0 64 64 64
rectangle 1600 1792 0 64 64 64
rectangle 1728 1792 0 64 64 64
rectangle 2112 1792 0 64 64 64
rectangle 2240 1792 0 64 64 64
rectangle 2368 1792 0 64 64 64
rectangle 2752 1792 0 64 64 64
rectangle 2880 1792 0 64 64 64
rectangle 3136 1792 0 64 64 64
rectangle 3264 1792 0 64 64 64
rectangle 3328 1792 0 64 64 64
rectangle 0 1856 0 64 64 64
rectangle 64 1856 0 64 64 64
rectangle 192 1856 0 64 64 64
rectangle 320 1856 0 64 64 64
rectangle 384 1856 0 64 64 64
rectangle 448 1856 0 64 64 64
rectangle 512 1856 0 64 64 64
rectangle 576 1856 0 64 64 64
rectangle 640 1856 0 64 64 64
rectangle 704 1856 0 64 64 64
rectangle 768 1856 0 64 64 64
rectangle 832 1856 0 64 64 64
rectangle 960 1856 0 64 64 64
rectangle 1024 1856 0 64 64 64
rectangle 1088 1856 0 64 64 64
rectangle 1216 1856 0 64 64 64
rectangle 1280 1856 0 64 64 64
rectangle 1344 1856 0 64 64 64
rectangle 1472 1856 0 64 64 64
rectangle 1600 1856 0 64 64 64
rectangle 1728 1856 0 64 64 64
rectangle 1856 1856 0 64 64 64
rectangle 1984 1856 0 64 64 64
rectangle 2112 1856 0 64 64 64
rectangle 2176 1856 0 64 64 64
rectangle 2240 1856 0 64 64 64
rectangle 2368 1856 0 64 64 64
rectangle 2432 1856 0 64 64 64
rectangle 2496 1856 0 64 64 64
rectangle 2560 1856 0 64 64 64
rectangle 2624 1856 0 64 64 64
rectangle 2688 1856 0 64 64 64
rectangle 2752 1856 0 64 64 64
rectangle 2816 1856 0 64 64 64
rectangle 2880 1856 0 64 64 64
rectangle 2944 1856 0 64 64 64
rectangle 3008 1856 0 64 64 64
rectangle 3136 1856 0 64 64 64
rectangle 3264 1856 0 64 64 64
rectangle 3328 1856 0 64 64 64
rectangle 0 1920 0 64 64 64
rectangle 64 1920 0 64 64 64
rectangle 192 1920 0 64 64 64
rectangle 448 1920 0 64 64 64
rectangle 704 1920 0 64 64 64
rectangle 832 1920 0 64 64 64
rectangle 960 1920 0 64 64 64
rectangle 1088 1920 0 64 64 64
rectangle 1344 1920 0 64 64 64
rectangle 1472 1920 0 64 64 64
rectangle 1728 1920 0 64 64 64
rectangle 1856 1920 0 64 64 64
rectangle 1984 1920 0 64 64 64
rectangle 2112 1920 0 64 64 64
rectangle 2240 1920 0 64 64 64
rectangle 2624 1920 0 64 64 64
rectangle 2752 1920 0 64 64 64
rectangle 3136 1920 0 64 64 64
rectangle 3264 1920 0 64 64 64
rectangle 3328 1920 0 64 64 64
rectangle 0 1984 0 64 64 64
rectangle 64 1984 0 64 64 64
rectangle 128 1984 0 64 64 64
rectangle 192 1984 0 64 64 64
rectangle 320 1984 0 64 64 64
rectangle 448 1984 0 64 64 64
rectangle 576 1984 0 64 64 64
rectangle 640 1984 0 64 64 64
rectangle 704 1984 0 64 64 64
rectangle 832 1984 0 64 64 64
rectangle 960 1984 0 64 64 64
rectangle 1088 1984 0 64 64 64
rectangle 1152 1984 0 64 64 64
rectangle 1216 1984 0 64 64 64
rectangle 1344 1984 0 64 64 64
rectangle 1408 1984 0 64 64 64
rectangle 1472 1984 0 64 64 64
rectangle 1536 1984 0 64 64 64
rectangle 1600 1984 0 64 64 64
rectangle 1728 1984 0 64 64 64
rectangle 1856 1984 0 64 64 64
rectangle 1920 1984 0 64 64 64
rectangle 1984 1984 0 64 64 64
rectangle 2112 1984 0 64 64 64
rectangle 2240 1984 0 64 64 64
rectangle 2368 1984 0 64 64 64
rectangle 2432 1984 0 64 64 64
rectangle 2496 1984 0 64 64 64
rectangle 2560 1984 0 64 64 64
rectangle 2624 1984 0 64 64 64
rectangle 2752 1984 0 64 64 64
rectangle 2880 1984 0 64 64 64
rectangle 2944 1984 0 64 64 64
rectangle 3008 1984 0 64 64 64
rectangle 3136 1984 0 64 64 64
rectangle 3264 1984 0 64 64 64
rectangle 3328 1984 0 64 64 64
rectangle 0 2048 0 64 64 64
rectangle 64 2048 0 64 64 64
rectangle 320 2048 0 64 64 64
rectangle 448 2048 0 64 64 64
rectangle 1088 2048 0 64 64 64
rectangle 1600 2048 0 64 64 64
rectangle 1856 2048 0 64 64 64
rectangle 1984 2048 0 64 64 64
rectangle 2368 2048 0 64 64 64
rectangle 2496 2048 0 64 64 64
rectangle 2624 2048 0 64 64 64
rectangle 2752 2048 0 64 64 64
rectangle 2880 2048 0 64 64 64
rectangle 3264 2048 0 64 64 64
rectangle 3328 2048 0 64 64 64
rectangle 0 2112 0 64 64 64
rectangle 64 2112 0 64 64 64
rectangle 128 2112 0 64 64 64
rectangle 192 2112 0 64 64 64
rectangle 256 2112 0 64 64 64
rectangle 320 2112 0 64 64 64
rectangle 448 2112 0 64 64 64
rectangle 576 2112 0 64 64 64
rectangle 640 2112 0 64 64 64
rectangle 704 2112 0 64 64 64
rectangle 768 2112 0 64 64 64
rectangle 832 2112 0 64 64 64
rectangle 896 2112 0 64 64 64
rectangle 960 2112 0 64 64 64
rectangle 1088 2112 0 64 64 64
rectangle 1152 2112 0 64 64 64
rectangle 1216 2112 0 64 64 64
rectangle 1280 2112 0 64 64 64
rectangle 1344 2112 0 64 64 64
rectangle 1408 2112 0 64 64 64
rectangle 1472 2112 0 64 64 64
rectangle 1600 2112 0 64 64 64
rectangle 1664 2112 0 64 64 64
rectangle 1728 2112 0 64 64 64
rectangle 1792 2112 0 64 64 64
rectangle 1856 2112 0 64 64 64
rectangle 1984 2112 0 64 64 64
rectangle 2048 2112 0 64 64 64
rectangle 2112 2112 0 64 64 64
rectangle 2240 2112 0 64 64 64
rectangle 2304 2112 0 64 64 64
rectangle 2368 2112 0 64 64 64
rectangle 2496 2112 0 64 64 64
rectangle 2624 2112 0 64 64 64
rectangle 2752 2112 0 64 64 64
rectangle 2816 2112 0 64 64 64
rectangle 2880 2112 0 64 64 64
rectangle 2944 2112 0 64 64 64
rectangle 3008 2112 0 64 64 64
rectangle 3136 2112 0 64 64 64
rectangle 3264 2112 0 64 64 64
rectangle 3328 2112 0 64 64 64
rectangle 0 2176 0 64 64 64
rectangle 64 2176 0 64 64 64
rectangle 192 2176 0 64 64 64
rectangle 320 2176 0 64 64 64
rectangle 448 2176 0 64 64 64
rectangle 832 2176 0 64 64 64
rectangle 1216 2176 0 64 64 64
rectangle 2368 2176 0 64 64 64
rectangle 2496 2176 0 64 64 64
rectangle 3136 2176 0 64 64 64
rectangle 3264 2176 0 64 64 64
rectangle 3328 2176 0 64 64 64
rectangle 0 2240 0 64 64 64
rectangle 64 2240 0 64 64 64
rectangle 192 2240 0 64 64 64
rectangle 320 2240 0 64 64 64
rectangle 384 2240 0 64 64 64
rectangle 448 2240 0 64 64 64
rectangle 576 2240 0 64 64 64
rectangle 640 2240 0 64 64 64
rectangle 704 2240 0 64 64 64
rectangle 768 2240 0 64 64 64
rectangle 832 2240 0 64 64 64
rectangle 960 2240 0 64 64 64
rectangle 1088 2240 0 64 64 64
rectangle 1152 2240 0 64 64 64
rectangle 1216 2240 0 64 64 64
rectangle 1344 2240 0 64 64 64
rectangle 1408 2240 0 64 64 64
rectangle 1472 2240 0 64 64 64
rectangle 1536 2240 0 64 64 64
rectangle 1600 2240 0 64 64 64
rectangle 1664 2240 0 64 64 64
rectangle 1728 2240 0 64 64 64
rectangle 1792 2240 0 64 64 64
rectangle 1856 2240 0 64 64 64
rectangle 1984 2240 0 64 64 64
rectangle 2112 2240 0 64 64 64
rectangle 2176 2240 0 64 64 64
rectangle 2240 2240 0 64 64 64
rectangle 2304 2240 0 64 64 64
rectangle 2368 2240 0 64 64 64
rectangle 2496 2240 0 64 64 64
rectangle 2560 2240 0 64 64 64
rectangle 2624 2240 0 64 64 64
rectangle 2752 2240 0 64 64 64
rectangle 2816 2240 0 64 64 64
rectangle 2880 2240 0 64 64 64
rectangle 3008 2240 0 64 64 64
rectangle 3072 2240 0 64 64 64
rectangle 3136 2240 0 64 64 64
rectangle 3200 2240 0 64 64 64
rectangle 3264 2240 0 64 64 64
rectangle 3328 2240 0 64 64 64
rectangle 0 2304 0 64 64 64
rectangle 64 2304 0 64 64 64
rectangle 192 2304 0 64 64 64
rectangle 320 2304 0 64 64 64
rectangle 576 2304 0 64 64 64
rectangle 960 2304 0 64 64 64
rectangle 1088 2304 0 64 64 64
rectangle 1344 2304 0 64 64 64
rectangle 1472 2304 0 64 64 64
rectangle 1600 2304 0 64 64 64
rectangle 1728 2304 0 64 64 64
rectangle 1984 2304 0 64 64 64
rectangle 2624 2304 0 64 64 64
rectangle 2752 2304 0 64 64 64
rectangle 2880 2304 0 64 64 64
rectangle 3264 2304 0 64 64 64
rectangle 3328 2304 0 64 64 64
rectangle 0 2368 0 64 64 64
rectangle 64 2368 0 64 64 64
rectangle 192 2368 0 64 64 64
rectangle 320 2368 0 64 64 64
rectangle 384 2368 0 64 64 64
rectangle 448 2368 0 64 64 64
rectangle 512 2368 0 64 64 64
rectangle 576 2368 0 64 64 64
rectangle 704 2368 0 64 64 64
rectangle 832 2368 0 64 64 64
rectangle 960 2368 0 64 64 64
rectangle 1088 2368 0 64 64 64
rectangle 1152 2368 0 64 64 64
rectangle 1216 2368 0 64 64 64
rectangle 1344 2368 0 64 64 64
rectangle 1472 2368 0 64 64 64
rectangle 1600 2368 0 64 64 64
rectangle 1728 2368 0 64 64 64
rectangle 1792 2368 0 64 64 64
rectangle 1856 2368 0 64 64 64
rectangle 1984 2368 0 64 64 64
rectangle 2048 2368 0 64 64 64
rectangle 2112 2368 0 64 64 64
rectangle 2240 2368 0 64 64 64
rectangle 2304 2368 0 64 64 64
rectangle 2368 2368 0 64 64 64
rectangle 2432 2368 0 64 64 64
rectangle 2496 2368 0 64 64 64
rectangle 2560 2368 0 64 64 64
rectangle 2624 2368 0 64 64 64
rectangle 2688 2368 0 64 64 64
rectangle 2752 2368 0 64 64 64
rectangle 2880 2368 0 64 64 64
rectangle 3008 2368 0 64 64 64
rectangle 3072 2368 0 64 64 64
rectangle 3136 2368 0 64 64 64
rectangle 3264 2368 0 64 64 64
rectangle 3328 2368 0 64 64 64
rectangle 0 2432 0 64 64 64
rectangle 64 2432 0 64 64 64
rectangle 320 2432 0 64 64 64
rectangle 448 2432 0 64 64 64
rectangle 704 2432 0 64 64 64
rectangle 832 2432 0 64 64 64
rectangle 960 2432 0 64 64 64
rectangle 1216 2432 0 64 64 64
rectangle 1472 2432 0 64 64 64
rectangle 1600 2432 0 64 64 64
rectangle 1856 2432 0 64 64 64
rectangle 2112 2432 0 64 64 64
rectangle 2624 2432 0 64 64 64
rectangle 2880 2432 0 64 64 64
rectangle 3008 2432 0 64 64 64
rectangle 3136 2432 0 64 64 64
rectangle 3264 2432 0 64 64 64
rectangle 3328 2432 0 64 64 64
rectangle 0 2496 0 64 64 64
rectangle 64 2496 0 64 64 64
rectangle 192 2496 0 64 64 64
rectangle 256 2496 0 64 64 64
rectangle 320 2496 0 64 64 64
rectangle 448 2496 0 64 64 64
rectangle 576 2496 0 64 64 64
rectangle 640 2496 0 64 64 64
rectangle 704 2496 0 64 64 64
rectangle 832 2496 0 64 64 64
rectangle 896 2496 0 64 64 64
rectangle 960 2496 0 64 64 64
rectangle 1024 2496 0 64 64 64
rectangle 1088 2496 0 64 64 64
rectangle 1152 2496 0 64 64 64
rectangle 1216 2496 0 64 64 64
rectangle 1280 2496 0 64 64 64
rectangle 1344 2496 0 64 64 64
rectangle 1472 2496 0 64 64 64
rectangle 1600 2496 0 64 64 64
rectangle 1728 2496 0 64 64 64
rectangle 1856 2496 0 64 64 64
rectangle 1984 2496 0 64 64 64
rectangle 2048 2496 0 64 64 64
rectangle 2112 2496 0 64 64 64
rectangle 2240 2496 0 64 64 64
rectangle 2368 2496 0 64 64 64
rectangle 2432 2496 0 64 64 64
rectangle 2496 2496 0 64 64 64
rectangle 2624 2496 0 64 64 64
rectangle 2752 2496 0 64 64 64
rectangle 2880 2496 0 64 64 64
rectangle 2944 2496 0 64 64 64
rectangle 3008 2496 0 64 64 64
rectangle 3136 2496 0 64 64 64
rectangle 3264 2496 0 64 64 64
rectangle 3328 2496 0 64 64 64
rectangle 0 2560 0 64 64 64
rectangle 64 2560 0 64 64 64
rectangle 192 2560 0 64 64 64
rectangle 320 2560 0 64 64 64
rectangle 576 2560 0 64 64 64
rectangle 704 2560 0 64 64 64
rectangle 960 2560 0 64 64 64
rectangle 1216 2560 0 64 64 64
rectangle 1344 2560 0 64 64 64
rectangle 1728 2560 0 64 64 64
rectangle 1856 2560 0 64 64 64
rectangle 2112 2560 0 64 64 64
rectangle 2240 2560 0 64 64 64
rectangle 2496 2560 0 64 64 64
rectangle 2752 2560 0 64 64 64
rectangle 2880 2560 0 64 64 64
rectangle 3008 2560 0 64 64 64
rectangle 3264 2560 0 64 64 64
rectangle 3328 2560 0 64 64 64
rectangle 0 2624 0 64 64 64
rectangle 64 2624 0 64 64 64
rectangle 192 2624 0 64 64 64
rectangle 320 2624 0 64 64 64
rectangle 384 2624 0 64 64 64
rectangle 448 2624 0 64 64 64
rectangle 576 2624 0 64 64 64
rectangle 704 2624 0 64 64 64
rectangle 832 2624 0 64 64 64
rectangle 896 2624 0 64 64 64
rectangle 960 2624 0 64 64 64
rectangle 1088 2624 0 64 64 64
rectangle 1216 2624 0 64 64 64
rectangle 1344 2624 0 64 64 64
rectangle 1408 2624 0 64 64 64
rectangle 1472 2624 0 64 64 64
rectangle 1600 2624 0 64 64 64
rectangle 1728 2624 0 64 64 64
rectangle 1792 2624 0 64 64 64
rectangle 1856 2624 0 64 64 64
rectangle 1984 2624 0 64 64 64
rectangle 2048 2624 0 64 64 64
rectangle 2112 2624 0 64 64 64
rectangle 2176 2624 0 64 64 64
rectangle 2240 2624 0 64 64 64
rectangle 2304 2624 0 64 64 64
rectangle 2368 2624 0 64 64 64
rectangle 2432 2624 0 64 64 64
rectangle 2496 2624 0 64 64 64
rectangle 2624 2624 0 64 64 64
rectangle 2688 2624 0 64 64 64
rectangle 2752 2624 0 64 64 64
rectangle 2816 2624 0 64 64 64
rectangle 2880 2624 0 64 64 64
rectangle 3008 2624 0 64 64 64
rectangle 3072 2624 0 64 64 64
rectangle 3136 2624 0 64 64 64
rectangle 3264 2624 0 64 64 64
rectangle 3328 2624 0 64 64 64
rectangle 0 2688 0 64 64 64
rectangle 64 2688 0 64 64 64
rectangle 192 2688 0 64 64 64
rectangle 320 2688 0 64 64 64
rectangle 448 2688 0 64 64 64
rectangle 704 2688 0 64 64 64
rectangle 1088 2688 0 64 64 64
rectangle 1216 2688 0 64 64 64
rectangle 1472 2688 0 64 64 64
rectangle 1600 2688 0 64 64 64
rectangle 1728 2688 0 64 64 64
rectangle 1856 2688 0 64 64 64
rectangle 1984 2688 0 64 64 64
rectangle 2112 2688 0 64 64 64
rectangle 2496 2688 0 64 64 64
rectangle 2752 2688 0 64 64 64
rectangle 2880 2688 0 64 64 64
rectangle 3136 2688 0 64 64 64
rectangle 3264 2688 0 64 64 64
rectangle 3328 2688 0 64 64 64
rectangle 0 2752 0 64 64 64
rectangle 64 2752 0 64 64 64
rectangle 192 2752 0 64 64 64
rectangle 320 2752 0 64 64 64
rectangle 448 2752 0 64 64 64
rectangle 512 2752 0 64 64 64
rectangle 576 2752 0 64 64 64
rectangle 640 2752 0 64 64 64
rectangle 704 2752 0 64 64 64
rectangle 768 2752 0 64 64 64
rectangle 832 2752 0 64 64 64
rectangle 896 2752 0 64 64 64
rectangle 960 2752 0 64 64 64
rectangle 1088 2752 0 64 64 64
rectangle 1152 2752 0 64 64 64
rectangle 1216 2752 0 64 64 64
rectangle 1280 2752 0 64 64 64
rectangle 1344 2752 0 64 64 64
rectangle 1472 2752 0 64 64 64
rectangle 1600 2752 0 64 64 64
rectangle 1664 2752 0 64 64 64
rectangle 1728 2752 0 64 64 64
rectangle 1856 2752 0 64 64 64
rectangle 1984 2752 0 64 64 64
rectangle 2112 2752 0 64 64 64
rectangle 2176 2752 0 64 64 64
rectangle 2240 2752 0 64 64 64
rectangle 2368 2752 0 64 64 64
rectangle 2496 2752 0 64 64 64
rectangle 2560 2752 0 64 64 64
rectangle 2624 2752 0 64 64 64
rectangle 2752 2752 0 64 64 64
rectangle 2880 2752 0 64 64 64
rectangle 2944 2752 0 64 64 64
rectangle 3008 2752 0 64 64 64
rectangle 3136 2752 0 64 64 64
rectangle 3264 2752 0 64 64 64
rectangle 3328 2752 0 64 64 64
rectangle 0 2816 0 64 64 64
rectangle 64 2816 0 64 64 64
rectangle 448 2816 0 64 64 64
rectangle 704 2816 0 64 64 64
rectangle 832 2816 0 64 64 64
rectangle 960 2816 0 64 64 64
rectangle 1216 2816 0 64 64 64
rectangle 1600 2816 0 64 64 64
rectangle 1728 2816 0 64 64 64
rectangle 1984 2816 0 64 64 64
rectangle 2368 2816 0 64 64 64
rectangle 2752 2816 0 64 64 64
rectangle 2880 2816 0 64 64 64
rectangle 3264 2816 0 64 64 64
rectangle 3328 2816 0 64 64 64
rectangle 0 2880 0 64 64 64
rectangle 64 2880 0 64 64 64
rectangle 192 2880 0 64 64 64
rectangle 320 2880 0 64 64 64
rectangle 448 2880 0 64 64 64
rectangle 576 2880 0 64 64 64
rectangle 704 2880 0 64 64 64
rectangle 832 2880 0 64 64 64
rectangle 960 2880 0 64 64 64
rectangle 1024 2880 0 64 64 64
rectangle 1088 2880 0 64 64 64
rectangle 1216 2880 0 64 64 64
rectangle 1344 2880 0 64 64 64
rectangle 1408 2880 0 64 64 64
rectangle 1472 2880 0 64 64 64
rectangle 1600 2880 0 64 64 64
rectangle 1728 2880 0 64 64 64
rectangle 1792 2880 0 64 64 64
rectangle 1856 2880 0 64 64 64
rectangle 1920 2880 0 64 64 64
rectangle 1984 2880 0 64 64 64
rectangle 2048 2880 0 64 64 64
rectangle 2112 2880 0 64 64 64
rectangle 2176 2880 0 64 64 64
rectangle 2240 2880 0 64 64 64
rectangle 2368 2880 0 64 64 64
rectangle 2496 2880 0 64 64 64
rectangle 2624 2880 0 64 64 64
rectangle 2688 2880 0 64 64 64
rectangle 2752 2880 0 64 64 64
rectangle 2880 2880 0 64 64 64
rectangle 3008 2880 0 64 64 64
rectangle 3072 2880 0 64 64 64
rectangle 3136 2880 0 64 64 64
rectangle 3200 2880 0 64 64 64
rectangle 3264 2880 0 64 64 64
rectangle 3328 2880 0 64 64 64
rectangle 0 2944 0 64 64 64
rectangle 64 2944 0 64 64 64
rectangle 192 2944 0 64 64 64
rectangle 320 2944 0 64 64 64
rectangle 576 2944 0 64 64 64
rectangle 1216 2944 0 64 64 64
rectangle 1344 2944 0 64 64 64
rectangle 1472 2944 0 64 64 64
rectangle 1600 2944 0 64 64 64
rectangle 2368 2944 0 64 64 64
rectangle 2496 2944 0 64 64 64
rectangle 2752 2944 0 64 64 64
rectangle 3264 2944 0 64 64 64
rectangle 3328 2944 0 64 64 64
rectangle 0 3008 0 64 64 64
rectangle 64 3008 0 64 64 64
rectangle 128 3008 0 64 64 64
rectangle 192 3008 0 64 64 64
rectangle 320 3008 0 64 64 64
rectangle 384 3008 0 64 64 64
rectangle 448 3008 0 64 64 64
rectangle 576 3008 0 64 64 64
rectangle 704 3008 0 64 64 64
rectangle 768 3008 0 64 64 64
rectangle 832 3008 0 64 64 64
rectangle 896 3008 0 64 64 64
rectangle 960 3008 0 64 64 64
rectangle 1088 3008 0 64 64 64
rectangle 1152 3008 0 64 64 64
rectangle 1216 3008 0 64 64 64
rectangle 1344 3008 0 64 64 64
rectangle 1472 3008 0 64 64 64
rectangle 1600 3008 0 64 64 64
rectangle 1728 3008 0 64 64 64
rectangle 1792 3008 0 64 64 64
rectangle 1856 3008 0 64 64 64
rectangle 1984 3008 0 64 64 64
rectangle 2048 3008 0 64 64 64
rectangle 2112 3008 0 64 64 64
rectangle 2176 3008 0 64 64 64
rectangle 2240 3008 0 64 64 64
rectangle 2304 3008 0 64 64 64
rectangle 2368 3008 0 64 64 64
rectangle 2496 3008 0 64 64 64
rectangle 2624 3008 0 64 64 64
rectangle 2688 3008 0 64 64 64
rectangle 2752 3008 0 64 64 64
rectangle 2816 3008 0 64 64 64
rectangle 2880 3008 0 64 64 64
rectangle 3008 3008 0 64 64 64
rectangle 3136 3008 0 64 64 64
rectangle 3264 3008 0 64 64 64
rectangle 3328 3008 0 64 64 64
rectangle 0 3072 0 64 64 64
rectangle 64 3072 0 64 64 64
rectangle 192 3072 0 64 64 64
rectangle 448 3072 0 64 64 64
rectangle 576 3072 0 64 64 64
rectangle 832 3072 0 64 64 64
rectangle 1088 3072 0 64 64 64
rectangle 1344 3072 0 64 64 64
rectangle 1472 3072 0 64 64 64
rectangle 1600 3072 0 64 64 64
rectangle 1728 3072 0 64 64 64
rectangle 2368 3072 0 64 64 64
rectangle 2496 3072 0 64 64 64
rectangle 3008 3072 0 64 64 64
rectangle 3136 3072 0 64 64 64
rectangle 3264 3072 0 64 64 64
rectangle 3328 3072 0 64 64 64
rectangle 0 3136 0 64 64 64
rectangle 64 3136 0 64 64 64
rectangle 192 3136 0 64 64 64
rectangle 256 3136 0 64 64 64
rectangle 320 3136 0 64 64 64
rectangle 448 3136 0 64 64 64
rectangle 512 3136 0 64 64 64
rectangle 576 3136 0 64 64 64
rectangle 704 3136 0 64 64 64
rectangle 768 3136 0 64 64 64
rectangle 832 3136 0 64 64 64
rectangle 896 3136 0 64 64 64
rectangle 960 3136 0 64 64 64
rectangle 1088 3136 0 64 64 64
rectangle 1152 3136 0 64 64 64
rectangle 1216 3136 0 64 64 64
rectangle 1344 3136 0 64 64 64
rectangle 1472 3136 0 64 64 64
rectangle 1600 3136 0 64 64 64
rectangle 1728 3136 0 64 64 64
rectangle 1792 3136 0 64 64 64
rectangle 1856 3136 0 64 64 64
rectangle 1920 3136 0 64 64 64
rectangle 1984 3136 0 64 64 64
rectangle 2048 3136 0 64 64 64
rectangle 2112 3136 0 64 64 64
rectangle 2176 3136 0 64 64 64
rectangle 2240 3136 0 64 64 64
rectangle 2368 3136 0 64 64 64
rectangle 2496 3136 0 64 64 64
rectangle 2624 3136 0 64 64 64
rectangle 2752 3136 0 64 64 64
rectangle 2880 3136 0 64 64 64
rectangle 2944 3136 0 64 64 64
rectangle 3008 3136 0 64 64 64
rectangle 3072 3136 0 64 64 64
rectangle 3136 3136 0 64 64 64
rectangle 3264 3136 0 64 64 64
rectangle 3328 3136 0 64 64 64
rectangle 0 3200 0 64 64 64
rectangle 64 3200 0 64 64 64
rectangle 448 3200 0 64 64 64
rectangle 832 3200 0 64 64 64
rectangle 1088 3200 0 64 64 64
rectangle 1472 3200 0 64 64 64
rectangle 1600 3200 0 64 64 64
rectangle 2240 3200 0 64 64 64
rectangle 2368 3200 0 64 64 64
rectangle 2496 3200 0 64 64 64
rectangle 2624 3200 0 64 64 64
rectangle 2752 3200 0 64 64 64
rectangle 3008 3200 0 64 64 64
rectangle 3264 3200 0 64 64 64
rectangle 3328 3200 0 64 64 64
rectangle 0 3264 0 64 64 64
rectangle 64 3264 0 64 64 64
rectangle 128 3264 0 64 64 64
rectangle 192 3264 0 64 64 64
rectangle 256 3264 0 64 64 64
rectangle 320 3264 0 64 64 64
rectangle 384 3264 0 64 64 64
rectangle 448 3264 0 64 64 64
rectangle 512 3264 0 64 64 64
rectangle 576 3264 0 64 64 64
rectangle 640 3264 0 64 64 64
rectangle 704 3264 0 64 64 64
rectangle 768 3264 0 64 64 64
rectangle 832 3264 0 64 64 64
rectangle 896 3264 0 64 64 64
rectangle 960 3264 0 64 64 64
rectangle 1024 3264 0 64 64 64
rectangle 1088 3264 0 64 64 64
rectangle 1152 3264 0 64 64 64
rectangle 1216 3264 0 64 64 64
rectangle 1280 3264 0 64 64 64
rectangle 1344 3264 0 64 64 64
rectangle 1408 3264 0 64 64 64
rectangle 1472 3264 0 64 64 64
rectangle 1536 3264 0 64 64 64
rectangle 1600 3264 0 64 64 64
rectangle 1664 3264 0 64 64 64
rectangle 1728 3264 0 64 64 64
rectangle 1792 3264 0 64 64 64
rectangle 1856 3264 0 64 64 64
rectangle 1920 3264 0 64 64 64
rectangle 1984 3264 0 64 64 64
rectangle 2048 3264 0 64 64 64
rectangle 2112 3264 0 64 64 64
rectangle 2176 3264 0 64 64 64
rectangle 2240 3264 0 64 64 64
rectangle 2304 3264 0 64 64 64
rectangle 2368 3264 0 64 64 64
rectangle 2432 3264 0 64 64 64
rectangle 2496 3264 0 64 64 64
rectangle 2560 3264 0 64 64 64
rectangle 2624 3264 0 64 64 64
rectangle 2688 3264 0 64 64 64
rectangle 2752 3264 0 64 64 64
rectangle 2816 3264 0 64 64 64
rectangle 2880 3264 0 64 64 64
rectangle 2944 3264 0 64 64 64
rectangle 3008 3264 0 64 64 64
rectangle 3072 3264 0 64 64 64
rectangle 3136 3264 0 64 64 64
rectangle 3328 3264 0 64 64 64
rectangle 0 3328 0 64 64 64
rectangle 64 3328 0 64 64 64
rectangle 128 3328 0 64 64 64
rectangle 192 3328 0 64 64 64
rectangle 256 3328 0 64 64 64
rectangle 320 3328 0 64 64 64
rectangle 384 3328 0 64 64 64
rectangle 448 3328 0 64 64 64
rectangle 512 3328 0 64 64 64
rectangle 576 3328 0 64 64 64
rectangle 640 3328 0 64 64 64
rectangle 704 3328 0 64 64 64
rectangle 768 3328 0 64 64 64
rectangle 832 3328 0 64 64 64
rectangle 896 3328 0 64 64 64
rectangle 960 3328 0 64 64 64
rectangle 1024 3328 0 64 64 64
rectangle 1088 3328 0 64 64 64
rectangle 1152 3328 0 64 64 64
rectangle 1216 3328 0 64 64 64
rectangle 1280 3328 0 64 64 64
rectangle 1344 3328 0 64 64 64
rectangle 1408 3328 0 64 64 64
rectangle 1472 3328 0 64 64 64
rectangle 1536 3328 0 64 64 64
rectangle 1600 3328 0 64 64 64
rectangle 1664 3328 0 64 64 64
rectangle 1728 3328 0 64 64 64
rectangle 1792 3328 0 64 64 64
rectangle 1856 3328 0 64 64 64
rectangle 1920 3328 0 64 64 64
rectangle 1984 3328 0 64 64 64
rectangle 2048 3328 0 64 64 64
rectangle 2112 3328 0 64 64 64
rectangle 2176 3328 0 64 64 64
rectangle 2240 3328 0 64 64 64
rectangle 2304 3328 0 64 64 64
rectangle 2368 3328 0 64 64 64
rectangle 2432 3328 0 64 64 64
rectangle 2496 3328 0 64 64 64
rectangle 2560 3328 0 64 64 64
rectangle 2624 3328 0 64 64 64
rectangle 2688 3328 0 64 64 64
rectangle 2752 3328 0 64 64 64
rectangle 2816 3328 0 64 64 64
rectangle 2880 3328 0 64 64 64
rectangle 2944 3328 0 64 64 64
rectangle 3008 3328 0 64 64 64
rectangle 3072 3328 0 64 64 64
rectangle 3136 3328 0 64 64 64
rectangle 3200 3328 0 64 64 64
rectangle 3264 3328 0 64 64 64
rectangle 3328 3328 0 64 64 64