1348
rectangle 128 0 0 64 64 66
rectangle 192 0 0 64 64 72
rectangle 256 0 0 64 64 72
rectangle 320 0 0 64 64 71
rectangle 384 0 0 64 64 67
rectangle 448 0 0 64 64 70
rectangle 512 0 0 64 64 71
rectangle 576 0 0 64 64 69
rectangle 640 0 0 64 64 67
rectangle 704 0 0 64 64 68
rectangle 768 0 0 64 64 68
rectangle 832 0 0 64 64 72
rectangle 896 0 0 64 64 66
rectangle 960 0 0 64 64 73
rectangle 1024 0 0 64 64 73
rectangle 1088 0 0 64 64 69
rectangle 1152 0 0 64 64 64
rectangle 1216 0 0 64 64 69
rectangle 1280 0 0 64 64 65
rectangle 1344 0 0 64 64 72
rectangle 1408 0 0 64 64 64
rectangle 1472 0 0 64 64 67
rectangle 1536 0 0 64 64 73
rectangle 1600 0 0 64 64 68
rectangle 1664 0 0 64 64 64
rectangle 1728 0 0 64 64 73
rectangle 1792 0 0 64 64 66
rectangle 1856 0 0 64 64 66
rectangle 1920 0 0 64 64 73
rectangle 1984 0 0 64 64 65
rectangle 2048 0 0 64 64 69
rectangle 2112 0 0 64 64 65
rectangle 2176 0 0 64 64 66
rectangle 2240 0 0 64 64 67
rectangle 2304 0 0 64 64 66
rectangle 2368 0 0 64 64 73
rectangle 2432 0 0 64 64 68
rectangle 2496 0 0 64 64 69
rectangle 2560 0 0 64 64 65
rectangle 2624 0 0 64 64 65
rectangle 2688 0 0 64 64 70
rectangle 2752 0 0 64 64 65
rectangle 2816 0 0 64 64 66
rectangle 2880 0 0 64 64 73
rectangle 2944 0 0 64 64 68
rectangle 3008 0 0 64 64 73
rectangle 3072 0 0 64 64 69
rectangle 3136 0 0 64 64 73
rectangle 3200 0 0 64 64 70
rectangle 0 64 0 64 64 72
rectangle 128 64 0 64 64 64
rectangle 384 64 0 64 64 72
rectangle 640 64 0 64 64 67
rectangle 1152 64 0 64 64 64
rectangle 1536 64 0 64 64 65
rectangle 1792 64 0 64 64 70
rectangle 2304 64 0 64 64 67
rectangle 3072 64 0 64 64 67
rectangle 3200 64 0 64 64 65
rectangle 0 128 0 64 64 72
rectangle 128 128 0 64 64 71
rectangle 256 128 0 64 64 69
rectangle 384 128 0 64 64 68
rectangle 512 128 0 64 64 66
rectangle 576 128 0 64 64 71
rectangle 640 128 0 64 64 72
rectangle 768 128 0 64 64 73
rectangle 896 128 0 64 64 73
rectangle 960 128 0 64 64 72
rectangle 1024 128 0 64 64 68
rectangle 1088 128 0 64 64 73
rectangle 1152 128 0 64 64 73
rectangle 1280 128 0 64 64 64
rectangle 1408 128 0 64 64 64
rectangle 1536 128 0 64 64 73
rectangle 1664 128 0 64 64 67
rectangle 1792 128 0 64 64 72
rectangle 1856 128 0 64 64 66
rectangle 1920 128 0 64 64 65
rectangle 1984 128 0 64 64 64
rectangle 2048 128 0 64 64 67
rectangle 2176 128 0 64 64 66
rectangle 2240 128 0 64 64 68
rectangle 2304 128 0 64 64 72
rectangle 2432 128 0 64 64 64
rectangle 2496 128 0 64 64 71
rectangle 2560 128 0 64 64 71
rectangle 2624 128 0 64 64 70
rectangle 2688 128 0 64 64 64
rectangle 2816 128 0 64 64 70
rectangle 2880 128 0 64 64 67
rectangle 2944 128 0 64 64 67
rectangle 3072 128 0 64 64 66
rectangle 3200 128 0 64 64 70
rectangle 0 192 0 64 64 64
rectangle 256 192 0 64 64 72
rectangle 384 192 0 64 64 67
rectangle 512 192 0 64 64 64
rectangle 768 192 0 64 64 73
rectangle 1024 192 0 64 64 72
rectangle 1280 192 0 64 64 69
rectangle 1408 192 0 64 64 66
rectangle 1664 192 0 64 64 70
rectangle 1792 192 0 64 64 70
rectangle 2048 192 0 64 64 73
rectangle 2560 192 0 64 64 68
rectangle 2816 192 0 64 64 67
rectangle 2944 192 0 64 64 64
rectangle 3200 192 0 64 64 67
rectangle 0 256 0 64 64 68
rectangle 64 256 0 64 64 64
rectangle 128 256 0 64 64 66
rectangle 192 256 0 64 64 65
rectangle 256 256 0 64 64 65
rectangle 384 256 0 64 64 64
rectangle 512 256 0 64 64 71
rectangle 640 256 0 64 64 67
rectangle 704 256 0 64 64 71
rectangle 768 256 0 64 64 70
rectangle 832 256 0 64 64 71
rectangle 896 256 0 64 64 71
rectangle 1024 256 0 64 64 73
rectangle 1152 256 0 64 64 69
rectangle 1216 256 0 64 64 73
rectangle 1280 256 0 64 64 73
rectangle 1408 256 0 64 64 70
rectangle 1472 256 0 64 64 67
rectangle 1536 256 0 64 64 67
rectangle 1600 256 0 64 64 65
rectangle 1664 256 0 64 64 72
rectangle 1792 256 0 64 64 71
rectangle 1920 256 0 64 64 72
rectangle 2048 256 0 64 64 68
rectangle 2176 256 0 64 64 65
rectangle 2240 256 0 64 64 64
rectangle 2304 256 0 64 64 73
rectangle 2368 256 0 64 64 68
rectangle 2432 256 0 64 64 64
rectangle 2496 256 0 64 64 73
rectangle 2560 256 0 64 64 70
rectangle 2688 256 0 64 64 66
rectangle 2752 256 0 64 64 67
rectangle 2816 256 0 64 64 73
rectangle 2944 256 0 64 64 73
rectangle 3008 256 0 64 64 66
rectangle 3072 256 0 64 64 71
rectangle 3200 256 0 64 64 72
rectangle 0 320 0 64 64 68
rectangle 256 320 0 64 64 64
rectangle 384 320 0 64 64 69
rectangle 512 320 0 64 64 65
rectangle 640 320 0 64 64 68
rectangle 896 320 0 64 64 73
rectangle 1280 320 0 64 64 69
rectangle 1664 320 0 64 64 72
rectangle 1920 320 0 64 64 64
rectangle 2048 320 0 64 64 70
rectangle 2432 320 0 64 64 65
rectangle 2688 320 0 64 64 64
rectangle 3072 320 0 64 64 72
rectangle 3200 320 0 64 64 71
rectangle 0 384 0 64 64 67
rectangle 128 384 0 64 64 71
rectangle 192 384 0 64 64 66
rectangle 256 384 0 64 64 66
rectangle 384 384 0 64 64 68
rectangle 512 384 0 64 64 68
rectangle 640 384 0 64 64 67
rectangle 768 384 0 64 64 71
rectangle 896 384 0 64 64 70
rectangle 960 384 0 64 64 67
rectangle 1024 384 0 64 64 68
rectangle 1088 384 0 64 64 73
rectangle 1152 384 0 64 64 66
rectangle 1216 384 0 64 64 65
rectangle 1280 384 0 64 64 66
rectangle 1344 384 0 64 64 67
rectangle 1408 384 0 64 64 73
rectangle 1472 384 0 64 64 70
rectangle 1536 384 0 64 64 72
rectangle 1664 384 0 64 64 66
rectangle 1728 384 0 64 64 71
rectangle 1792 384 0 64 64 66
rectangle 1856 384 0 64 64 68
rectangle 1920 384 0 64 64 67
rectangle 2048 384 0 64 64 68
rectangle 2112 384 0 64 64 70
rectangle 2176 384 0 64 64 65
rectangle 2240 384 0 64 64 64
rectangle 2304 384 0 64 64 73
rectangle 2432 384 0 64 64 65
rectangle 2560 384 0 64 64 68
rectangle 2624 384 0 64 64 71
rectangle 2688 384 0 64 64 73
rectangle 2752 384 0 64 64 65
rectangle 2816 384 0 64 64 67
rectangle 2944 384 0 64 64 64
rectangle 3072 384 0 64 64 71
rectangle 3200 384 0 64 64 64
rectangle 0 448 0 64 64 66
rectangle 256 448 0 64 64 68
rectangle 384 448 0 64 64 69
rectangle 512 448 0 64 64 64
rectangle 640 448 0 64 64 69
rectangle 768 448 0 64 64 73
rectangle 1024 448 0 64 64 72
rectangle 1664 448 0 64 64 64
rectangle 1920 448 0 64 64 65
rectangle 2048 448 0 64 64 73
rectangle 2176 448 0 64 64 69
rectangle 2432 448 0 64 64 67
rectangle 2816 448 0 64 64 71
rectangle 2944 448 0 64 64 70
rectangle 3200 448 0 64 64 64
rectangle 0 512 0 64 64 70
rectangle 64 512 0 64 64 70
rectangle 128 512 0 64 64 64
rectangle 256 512 0 64 64 71
rectangle 384 512 0 64 64 65
rectangle 512 512 0 64 64 72
rectangle 640 512 0 64 64 64
rectangle 768 512 0 64 64 67
rectangle 832 512 0 64 64 70
rectangle 896 512 0 64 64 67
rectangle 1024 512 0 64 64 68
rectangle 1152 512 0 64 64 72
rectangle 1216 512 0 64 64 66
rectangle 1280 512 0 64 64 64
rectangle 1344 512 0 64 64 73
rectangle 1408 512 0 64 64 73
rectangle 1472 512 0 64 64 71
rectangle 1536 512 0 64 64 64
rectangle 1600 512 0 64 64 67
rectangle 1664 512 0 64 64 70
rectangle 1792 512 0 64 64 69
rectangle 1856 512 0 64 64 73
rectangle 1920 512 0 64 64 73
rectangle 2048 512 0 64 64 67
rectangle 2176 512 0 64 64 68
rectangle 2304 512 0 64 64 73
rectangle 2368 512 0 64 64 67
rectangle 2432 512 0 64 64 73
rectangle 2496 512 0 64 64 69
rectangle 2560 512 0 64 64 67
rectangle 2624 512 0 64 64 73
rectangle 2688 512 0 64 64 65
rectangle 2816 512 0 64 64 72
rectangle 2880 512 0 64 64 64
rectangle 2944 512 0 64 64 72
rectangle 3008 512 0 64 64 64
rectangle 3072 512 0 64 64 69
rectangle 3136 512 0 64 64 72
rectangle 3200 512 0 64 64 67
rectangle 0 576 0 64 64 67
rectangle 256 576 0 64 64 73
rectangle 384 576 0 64 64 66
rectangle 512 576 0 64 64 70
rectangle 768 576 0 64 64 64
rectangle 896 576 0 64 64 68
rectangle 1024 576 0 64 64 65
rectangle 1664 576 0 64 64 65
rectangle 2048 576 0 64 64 64
rectangle 2176 576 0 64 64 73
rectangle 2304 576 0 64 64 69
rectangle 2688 576 0 64 64 69
rectangle 3200 576 0 64 64 70
rectangle 0 640 0 64 64 64
rectangle 128 640 0 64 64 72
rectangle 192 640 0 64 64 66
rectangle 256 640 0 64 64 72
rectangle 384 640 0 64 64 67
rectangle 512 640 0 64 64 68
rectangle 576 640 0 64 64 71
rectangle 640 640 0 64 64 70
rectangle 704 640 0 64 64 73
rectangle 768 640 0 64 64 73
rectangle 896 640 0 64 64 73
rectangle 1024 640 0 64 64 65
rectangle 1088 640 0 64 64 70
rectangle 1152 640 0 64 64 68
rectangle 1216 640 0 64 64 72
rectangle 1280 640 0 64 64 71
rectangle 1344 640 0 64 64 72
rectangle 1408 640 0 64 64 70
rectangle 1472 640 0 64 64 64
rectangle 1536 640 0 64 64 68
rectangle 1664 640 0 64 64 66
rectangle 1792 640 0 64 64 73
rectangle 1856 640 0 64 64 67
rectangle 1920 640 0 64 64 73
rectangle 1984 640 0 64 64 68
rectangle 2048 640 0 64 64 68
rectangle 2176 640 0 64 64 73
rectangle 2304 640 0 64 64 66
rectangle 2432 640 0 64 64 69
rectangle 2560 640 0 64 64 65
rectangle 2624 640 0 64 64 69
rectangle 2688 640 0 64 64 68
rectangle 2752 640 0 64 64 68
rectangle 2816 640 0 64 64 73
rectangle 2880 640 0 64 64 67
rectangle 2944 640 0 64 64 65
rectangle 3008 640 0 64 64 65
rectangle 3072 640 0 64 64 64
rectangle 3200 640 0 64 64 73
rectangle 0 704 0 64 64 72
rectangle 256 704 0 64 64 66
rectangle 384 704 0 64 64 72
rectangle 512 704 0 64 64 69
rectangle 896 704 0 64 64 66
rectangle 1024 704 0 64 64 73
rectangle 1408 704 0 64 64 68
rectangle 1664 704 0 64 64 73
rectangle 2048 704 0 64 64 68
rectangle 2176 704 0 64 64 66
rectangle 2432 704 0 64 64 72
rectangle 2560 704 0 64 64 69
rectangle 3200 704 0 64 64 66
rectangle 0 768 0 64 64 73
rectangle 128 768 0 64 64 65
rectangle 256 768 0 64 64 65
rectangle 384 768 0 64 64 71
rectangle 512 768 0 64 64 65
rectangle 640 768 0 64 64 71
rectangle 704 768 0 64 64 73
rectangle 768 768 0 64 64 70
rectangle 896 768 0 64 64 65
rectangle 1024 768 0 64 64 73
rectangle 1088 768 0 64 64 69
rectangle 1152 768 0 64 64 64
rectangle 1280 768 0 64 64 72
rectangle 1344 768 0 64 64 73
rectangle 1408 768 0 64 64 64
rectangle 1536 768 0 64 64 65
rectangle 1600 768 0 64 64 64
rectangle 1664 768 0 64 64 64
rectangle 1728 768 0 64 64 67
rectangle 1792 768 0 64 64 73
rectangle 1856 768 0 64 64 71
rectangle 1920 768 0 64 64 70
rectangle 2048 768 0 64 64 67
rectangle 2176 768 0 64 64 66
rectangle 2240 768 0 64 64 66
rectangle 2304 768 0 64 64 67
rectangle 2368 768 0 64 64 70
rectangle 2432 768 0 64 64 73
rectangle 2560 768 0 64 64 67
rectangle 2688 768 0 64 64 68
rectangle 2752 768 0 64 64 68
rectangle 2816 768 0 64 64 71
rectangle 2880 768 0 64 64 64
rectangle 2944 768 0 64 64 69
rectangle 3008 768 0 64 64 68
rectangle 3072 768 0 64 64 71
rectangle 3200 768 0 64 64 69
rectangle 0 832 0 64 64 66
rectangle 128 832 0 64 64 66
rectangle 384 832 0 64 64 66
rectangle 512 832 0 64 64 65
rectangle 768 832 0 64 64 72
rectangle 1280 832 0 64 64 73
rectangle 1536 832 0 64 64 73
rectangle 1920 832 0 64 64 69
rectangle 2048 832 0 64 64 69
rectangle 2560 832 0 64 64 64
rectangle 2944 832 0 64 64 70
rectangle 3072 832 0 64 64 67
rectangle 3200 832 0 64 64 66
rectangle 0 896 0 64 64 71
rectangle 128 896 0 64 64 72
rectangle 192 896 0 64 64 72
rectangle 256 896 0 64 64 69
rectangle 320 896 0 64 64 73
rectangle 384 896 0 64 64 73
rectangle 512 896 0 64 64 68
rectangle 640 896 0 64 64 68
rectangle 704 896 0 64 64 71
rectangle 768 896 0 64 64 66
rectangle 832 896 0 64 64 72
rectangle 896 896 0 64 64 72
rectangle 960 896 0 64 64 65
rectangle 1024 896 0 64 64 69
rectangle 1088 896 0 64 64 72
rectangle 1152 896 0 64 64 70
rectangle 1280 896 0 64 64 72
rectangle 1408 896 0 64 64 68
rectangle 1472 896 0 64 64 67
rectangle 1536 896 0 64 64 71
rectangle 1600 896 0 64 64 71
rectangle 1664 896 0 64 64 66
rectangle 1728 896 0 64 64 64
rectangle 1792 896 0 64 64 64
rectangle 1920 896 0 64 64 73
rectangle 2048 896 0 64 64 69
rectangle 2176 896 0 64 64 71
rectangle 2240 896 0 64 64 73
rectangle 2304 896 0 64 64 73
rectangle 2368 896 0 64 64 66
rectangle 2432 896 0 64 64 64
rectangle 2496 896 0 64 64 65
rectangle 2560 896 0 64 64 68
rectangle 2624 896 0 64 64 71
rectangle 2688 896 0 64 64 72
rectangle 2752 896 0 64 64 70
rectangle 2816 896 0 64 64 70
rectangle 2944 896 0 64 64 70
rectangle 3072 896 0 64 64 67
rectangle 3200 896 0 64 64 69
rectangle 0 960 0 64 64 65
rectangle 128 960 0 64 64 73
rectangle 640 960 0 64 64 73
rectangle 1152 960 0 64 64 71
rectangle 1280 960 0 64 64 65
rectangle 1536 960 0 64 64 68
rectangle 1920 960 0 64 64 71
rectangle 2048 960 0 64 64 67
rectangle 2176 960 0 64 64 68
rectangle 2688 960 0 64 64 72
rectangle 2944 960 0 64 64 72
rectangle 3200 960 0 64 64 67
rectangle 0 1024 0 64 64 66
rectangle 128 1024 0 64 64 70
rectangle 192 1024 0 64 64 71
rectangle 256 1024 0 64 64 68
rectangle 320 1024 0 64 64 69
rectangle 384 1024 0 64 64 65
rectangle 448 1024 0 64 64 70
rectangle 512 1024 0 64 64 64
rectangle 576 1024 0 64 64 72
rectangle 640 1024 0 64 64 72
rectangle 768 1024 0 64 64 73
rectangle 832 1024 0 64 64 69
rectangle 896 1024 0 64 64 66
rectangle 960 1024 0 64 64 67
rectangle 1024 1024 0 64 64 65
rectangle 1152 1024 0 64 64 71
rectangle 1280 1024 0 64 64 64
rectangle 1344 1024 0 64 64 67
rectangle 1408 1024 0 64 64 65
rectangle 1536 1024 0 64 64 72
rectangle 1664 1024 0 64 64 65
rectangle 1728 1024 0 64 64 70
rectangle 1792 1024 0 64 64 72
rectangle 1920 1024 0 64 64 68
rectangle 2048 1024 0 64 64 73
rectangle 2112 1024 0 64 64 67
rectangle 2176 1024 0 64 64 71
rectangle 2304 1024 0 64 64 73
rectangle 2368 1024 0 64 64 64
rectangle 2432 1024 0 64 64 66
rectangle 2496 1024 0 64 64 64
rectangle 2560 1024 0 64 64 72
rectangle 2688 1024 0 64 64 70
rectangle 2816 1024 0 64 64 68
rectangle 2880 1024 0 64 64 65
rectangle 2944 1024 0 64 64 65
rectangle 3008 1024 0 64 64 68
rectangle 3072 1024 0 64 64 68
rectangle 3136 1024 0 64 64 69
rectangle 3200 1024 0 64 64 65
rectangle 0 1088 0 64 64 70
rectangle 512 1088 0 64 64 67
rectangle 768 1088 0 64 64 67
rectangle 1024 1088 0 64 64 73
rectangle 1152 1088 0 64 64 68
rectangle 1408 1088 0 64 64 71
rectangle 1536 1088 0 64 64 70
rectangle 1792 1088 0 64 64 67
rectangle 1920 1088 0 64 64 69
rectangle 2048 1088 0 64 64 69
rectangle 2304 1088 0 64 64 66
rectangle 2560 1088 0 64 64 69
rectangle 2688 1088 0 64 64 65
rectangle 2944 1088 0 64 64 64
rectangle 3200 1088 0 64 64 66
rectangle 0 1152 0 64 64 65
rectangle 64 1152 0 64 64 72
rectangle 128 1152 0 64 64 72
rectangle 192 1152 0 64 64 72
rectangle 256 1152 0 64 64 64
rectangle 320 1152 0 64 64 68
rectangle 384 1152 0 64 64 70
rectangle 512 1152 0 64 64 67
rectangle 640 1152 0 64 64 70
rectangle 704 1152 0 64 64 73
rectangle 768 1152 0 64 64 72
rectangle 832 1152 0 64 64 71
rectangle 896 1152 0 64 64 64
rectangle 1024 1152 0 64 64 71
rectangle 1152 1152 0 64 64 67
rectangle 1216 1152 0 64 64 70
rectangle 1280 1152 0 64 64 69
rectangle 1344 1152 0 64 64 72
rectangle 1408 1152 0 64 64 70
rectangle 1536 1152 0 64 64 65
rectangle 1600 1152 0 64 64 68
rectangle 1664 1152 0 64 64 65
rectangle 1792 1152 0 64 64 67
rectangle 1920 1152 0 64 64 65
rectangle 2048 1152 0 64 64 71
rectangle 2176 1152 0 64 64 73
rectangle 2240 1152 0 64 64 66
rectangle 2304 1152 0 64 64 65
rectangle 2368 1152 0 64 64 65
rectangle 2432 1152 0 64 64 64
rectangle 2560 1152 0 64 64 66
rectangle 2688 1152 0 64 64 73
rectangle 2752 1152 0 64 64 71
rectangle 2816 1152 0 64 64 64
rectangle 2944 1152 0 64 64 67
rectangle 3072 1152 0 64 64 69
rectangle 3200 1152 0 64 64 68
rectangle 0 1216 0 64 64 64
rectangle 512 1216 0 64 64 65
rectangle 768 1216 0 64 64 73
rectangle 1024 1216 0 64 64 70
rectangle 1536 1216 0 64 64 71
rectangle 1792 1216 0 64 64 66
rectangle 1920 1216 0 64 64 73
rectangle 2048 1216 0 64 64 64
rectangle 2432 1216 0 64 64 70
rectangle 2560 1216 0 64 64 66
rectangle 2688 1216 0 64 64 69
rectangle 2944 1216 0 64 64 71
rectangle 3072 1216 0 64 64 72
rectangle 3200 1216 0 64 64 65
rectangle 0 1280 0 64 64 73
rectangle 128 1280 0 64 64 72
rectangle 192 1280 0 64 64 64
rectangle 256 1280 0 64 64 65
rectangle 320 1280 0 64 64 70
rectangle 384 1280 0 64 64 68
rectangle 448 1280 0 64 64 69
rectangle 512 1280 0 64 64 69
rectangle 576 1280 0 64 64 65
rectangle 640 1280 0 64 64 68
rectangle 768 1280 0 64 64 70
rectangle 896 1280 0 64 64 73
rectangle 1024 1280 0 64 64 65
rectangle 1088 1280 0 64 64 70
rectangle 1152 1280 0 64 64 66
rectangle 1216 1280 0 64 64 70
rectangle 1280 1280 0 64 64 72
rectangle 1344 1280 0 64 64 69
rectangle 1408 1280 0 64 64 66
rectangle 1472 1280 0 64 64 65
rectangle 1536 1280 0 64 64 72
rectangle 1664 1280 0 64 64 65
rectangle 1728 1280 0 64 64 67
rectangle 1792 1280 0 64 64 73
rectangle 1856 1280 0 64 64 64
rectangle 1920 1280 0 64 64 67
rectangle 2048 1280 0 64 64 66
rectangle 2112 1280 0 64 64 69
rectangle 2176 1280 0 64 64 68
rectangle 2240 1280 0 64 64 73
rectangle 2304 1280 0 64 64 72
rectangle 2432 1280 0 64 64 66
rectangle 2560 1280 0 64 64 65
rectangle 2688 1280 0 64 64 66
rectangle 2816 1280 0 64 64 66
rectangle 2880 1280 0 64 64 69
rectangle 2944 1280 0 64 64 72
rectangle 3072 1280 0 64 64 64
rectangle 3200 1280 0 64 64 72
rectangle 0 1344 0 64 64 67
rectangle 128 1344 0 64 64 68
rectangle 256 1344 0 64 64 71
rectangle 768 1344 0 64 64 64
rectangle 896 1344 0 64 64 64
rectangle 1152 1344 0 64 64 66
rectangle 1536 1344 0 64 64 70
rectangle 2048 1344 0 64 64 73
rectangle 2432 1344 0 64 64 67
rectangle 2816 1344 0 64 64 69
rectangle 3072 1344 0 64 64 72
rectangle 3200 1344 0 64 64 69
rectangle 0 1408 0 64 64 70
rectangle 128 1408 0 64 64 64
rectangle 256 1408 0 64 64 71
rectangle 384 1408 0 64 64 66
rectangle 512 1408 0 64 64 72
rectangle 576 1408 0 64 64 64
rectangle 640 1408 0 64 64 65
rectangle 704 1408 0 64 64 67
rectangle 768 1408 0 64 64 65
rectangle 896 1408 0 64 64 68
rectangle 960 1408 0 64 64 66
rectangle 1024 1408 0 64 64 72
rectangle 1088 1408 0 64 64 69
rectangle 1152 1408 0 64 64 72
rectangle 1280 1408 0 64 64 66
rectangle 1344 1408 0 64 64 71
rectangle 1408 1408 0 64 64 73
rectangle 1536 1408 0 64 64 68
rectangle 1664 1408 0 64 64 70
rectangle 1728 1408 0 64 64 65
rectangle 1792 1408 0 64 64 68
rectangle 1856 1408 0 64 64 70
rectangle 1920 1408 0 64 64 66
rectangle 1984 1408 0 64 64 71
rectangle 2048 1408 0 64 64 66
rectangle 2176 1408 0 64 64 66
rectangle 2240 1408 0 64 64 67
rectangle 2304 1408 0 64 64 71
rectangle 2368 1408 0 64 64 73
rectangle 2432 1408 0 64 64 67
rectangle 2560 1408 0 64 64 72
rectangle 2624 1408 0 64 64 71
rectangle 2688 1408 0 64 64 68
rectangle 2752 1408 0 64 64 72
rectangle 2816 1408 0 64 64 72
rectangle 2944 1408 0 64 64 71
rectangle 3008 1408 0 64 64 73
rectangle 3072 1408 0 64 64 69
rectangle 3200 1408 0 64 64 66
rectangle 0 1472 0 64 64 73
rectangle 128 1472 0 64 64 69
rectangle 384 1472 0 64 64 71
rectangle 640 1472 0 64 64 73
rectangle 1408 1472 0 64 64 66
rectangle 1536 1472 0 64 64 67
rectangle 1920 1472 0 64 64 65
rectangle 2432 1472 0 64 64 66
rectangle 2560 1472 0 64 64 65
rectangle 3072 1472 0 64 64 70
rectangle 3200 1472 0 64 64 72
rectangle 0 1536 0 64 64 66
rectangle 128 1536 0 64 64 69
rectangle 192 1536 0 64 64 66
rectangle 256 1536 0 64 64 70
rectangle 320 1536 0 64 64 66
rectangle 384 1536 0 64 64 66
rectangle 448 1536 0 64 64 71
rectangle 512 1536 0 64 64 70
rectangle 640 1536 0 64 64 66
rectangle 704 1536 0 64 64 67
rectangle 768 1536 0 64 64 71
rectangle 832 1536 0 64 64 67
rectangle 896 1536 0 64 64 70
rectangle 960 1536 0 64 64 64
rectangle 1024 1536 0 64 64 65
rectangle 1088 1536 0 64 64 69
rectangle 1152 1536 0 64 64 71
rectangle 1216 1536 0 64 64 69
rectangle 1280 1536 0 64 64 65
rectangle 1344 1536 0 64 64 64
rectangle 1408 1536 0 64 64 71
rectangle 1536 1536 0 64 64 65
rectangle 1600 1536 0 64 64 67
rectangle 1664 1536 0 64 64 66
rectangle 1728 1536 0 64 64 65
rectangle 1792 1536 0 64 64 71
rectangle 1920 1536 0 64 64 70
rectangle 2048 1536 0 64 64 73
rectangle 2112 1536 0 64 64 69
rectangle 2176 1536 0 64 64 64
rectangle 2240 1536 0 64 64 65
rectangle 2304 1536 0 64 64 66
rectangle 2432 1536 0 64 64 68
rectangle 2496 1536 0 64 64 66
rectangle 2560 1536 0 64 64 67
rectangle 2688 1536 0 64 64 68
rectangle 2752 1536 0 64 64 65
rectangle 2816 1536 0 64 64 64
rectangle 2880 1536 0 64 64 71
rectangle 2944 1536 0 64 64 73
rectangle 3008 1536 0 64 64 67
rectangle 3072 1536 0 64 64 65
rectangle 3200 1536 0 64 64 73
rectangle 0 1600 0 64 64 65
rectangle 640 1600 0 64 64 66
rectangle 896 1600 0 64 64 66
rectangle 1536 1600 0 64 64 68
rectangle 1792 1600 0 64 64 65
rectangle 1920 1600 0 64 64 73
rectangle 2048 1600 0 64 64 66
rectangle 2304 1600 0 64 64 64
rectangle 2432 1600 0 64 64 73
rectangle 2816 1600 0 64 64 69
rectangle 3200 1600 0 64 64 69
rectangle 0 1664 0 64 64 69
rectangle 64 1664 0 64 64 67
rectangle 128 1664 0 64 64 64
rectangle 192 1664 0 64 64 73
rectangle 256 1664 0 64 64 68
rectangle 320 1664 0 64 64 72
rectangle 384 1664 0 64 64 71
rectangle 448 1664 0 64 64 70
rectangle 512 1664 0 64 64 66
rectangle 576 1664 0 64 64 65
rectangle 640 1664 0 64 64 65
rectangle 768 1664 0 64 64 72
rectangle 896 1664 0 64 64 70
rectangle 1024 1664 0 64 64 69
rectangle 1088 1664 0 64 64 72
rectangle 1152 1664 0 64 64 69
rectangle 1280 1664 0 64 64 70
rectangle 1344 1664 0 64 64 66
rectangle 1408 1664 0 64 64 69
rectangle 1472 1664 0 64 64 71
rectangle 1536 1664 0 64 64 71
rectangle 1664 1664 0 64 64 71
rectangle 1792 1664 0 64 64 69
rectangle 1920 1664 0 64 64 72
rectangle 2048 1664 0 64 64 72
rectangle 2112 1664 0 64 64 73
rectangle 2176 1664 0 64 64 69
rectangle 2304 1664 0 64 64 69
rectangle 2432 1664 0 64 64 71
rectangle 2560 1664 0 64 64 70
rectangle 2624 1664 0 64 64 64
rectangle 2688 1664 0 64 64 68
rectangle 2752 1664 0 64 64 69
rectangle 2816 1664 0 64 64 71
rectangle 2944 1664 0 64 64 67
rectangle 3008 1664 0 64 64 71
rectangle 3072 1664 0 64 64 69
rectangle 3136 1664 0 64 64 69
rectangle 3200 1664 0 64 64 67
rectangle 0 1728 0 64 64 64
rectangle 640 1728 0 64 64 71
rectangle 768 1728 0 64 64 64
rectangle 896 1728 0 64 64 67
rectangle 1024 1728 0 64 64 64
rectangle 1152 1728 0 64 64 69
rectangle 1280 1728 0 64 64 68
rectangle 1664 1728 0 64 64 70
rectangle 1920 1728 0 64 64 71
rectangle 2176 1728 0 64 64 71
rectangle 2304 1728 0 64 64 69
rectangle 2560 1728 0 64 64 73
rectangle 2688 1728 0 64 64 64
rectangle 2944 1728 0 64 64 65
rectangle 3200 1728 0 64 64 71
rectangle 0 1792 0 64 64 70
rectangle 128 1792 0 64 64 68
rectangle 192 1792 0 64 64 67
rectangle 256 1792 0 64 64 73
rectangle 320 1792 0 64 64 67
rectangle 384 1792 0 64 64 73
rectangle 512 1792 0 64 64 73
rectangle 640 1792 0 64 64 67
rectangle 768 1792 0 64 64 71
rectangle 896 1792 0 64 64 73
rectangle 1024 1792 0 64 64 72
rectangle 1152 1792 0 64 64 64
rectangle 1280 1792 0 64 64 66
rectangle 1408 1792 0 64 64 71
rectangle 1472 1792 0 64 64 68
rectangle 1536 1792 0 64 64 72
rectangle 1600 1792 0 64 64 70
rectangle 1664 1792 0 64 64 72
rectangle 1728 1792 0 64 64 66
rectangle 1792 1792 0 64 64 73
rectangle 1856 1792 0 64 64 67
rectangle 1920 1792 0 64 64 66
rectangle 1984 1792 0 64 64 64
rectangle 2048 1792 0 64 64 71
rectangle 2176 1792 0 64 64 68
rectangle 2304 1792 0 64 64 71
rectangle 2368 1792 0 64 64 73
rectangle 2432 1792 0 64 64 72
rectangle 2496 1792 0 64 64 64
rectangle 2560 1792 0 64 64 66
rectangle 2688 1792 0 64 64 68
rectangle 2816 1792 0 64 64 68
rectangle 2880 1792 0 64 64 66
rectangle 2944 1792 0 64 64 65
rectangle 3072 1792 0 64 64 66
rectangle 3200 1792 0 64 64 65
rectangle 0 1856 0 64 64 69
rectangle 128 1856 0 64 64 69
rectangle 384 1856 0 64 64 67
rectangle 512 1856 0 64 64 67
rectangle 768 1856 0 64 64 70
rectangle 1024 1856 0 64 64 65
rectangle 1280 1856 0 64 64 65
rectangle 1408 1856 0 64 64 71
rectangle 1664 1856 0 64 64 66
rectangle 2048 1856 0 64 64 67
rectangle 2688 1856 0 64 64 70
rectangle 3072 1856 0 64 64 69
rectangle 3200 1856 0 64 64 66
rectangle 0 1920 0 64 64 72
rectangle 128 1920 0 64 64 65
rectangle 256 1920 0 64 64 67
rectangle 384 1920 0 64 64 73
rectangle 512 1920 0 64 64 66
rectangle 576 1920 0 64 64 67
rectangle 640 1920 0 64 64 66
rectangle 704 1920 0 64 64 64
rectangle 768 1920 0 64 64 66
rectangle 832 1920 0 64 64 69
rectangle 896 1920 0 64 64 69
rectangle 960 1920 0 64 64 65
rectangle 1024 1920 0 64 64 72
rectangle 1088 1920 0 64 64 70
rectangle 1152 1920 0 64 64 67
rectangle 1216 1920 0 64 64 67
rectangle 1280 1920 0 64 64 64
rectangle 1408 1920 0 64 64 70
rectangle 1536 1920 0 64 64 64
rectangle 1664 1920 0 64 64 72
rectangle 1792 1920 0 64 64 67
rectangle 1856 1920 0 64 64 72
rectangle 1920 1920 0 64 64 67
rectangle 2048 1920 0 64 64 70
rectangle 2112 1920 0 64 64 68
rectangle 2176 1920 0 64 64 72
rectangle 2240 1920 0 64 64 71
rectangle 2304 1920 0 64 64 73
rectangle 2368 1920 0 64 64 64
rectangle 2432 1920 0 64 64 66
rectangle 2496 1920 0 64 64 64
rectangle 2560 1920 0 64 64 66
rectangle 2688 1920 0 64 64 71
rectangle 2752 1920 0 64 64 67
rectangle 2816 1920 0 64 64 73
rectangle 2880 1920 0 64 64 64
rectangle 2944 1920 0 64 64 66
rectangle 3008 1920 0 64 64 73
rectangle 3072 1920 0 64 64 71
rectangle 3200 1920 0 64 64 65
rectangle 0 1984 0 64 64 66
rectangle 128 1984 0 64 64 65
rectangle 256 1984 0 64 64 67
rectangle 512 1984 0 64 64 68
rectangle 1408 1984 0 64 64 68
rectangle 1536 1984 0 64 64 73
rectangle 1792 1984 0 64 64 65
rectangle 1920 1984 0 64 64 72
rectangle 2432 1984 0 64 64 66
rectangle 2688 1984 0 64 64 68
rectangle 2944 1984 0 64 64 72
rectangle 3200 1984 0 64 64 73
rectangle 0 2048 0 64 64 71
rectangle 128 2048 0 64 64 64
rectangle 256 2048 0 64 64 73
rectangle 320 2048 0 64 64 71
rectangle 384 2048 0 64 64 73
rectangle 448 2048 0 64 64 66
rectangle 512 2048 0 64 64 68
rectangle 640 2048 0 64 64 68
rectangle 704 2048 0 64 64 72
rectangle 768 2048 0 64 64 73
rectangle 832 2048 0 64 64 64
rectangle 896 2048 0 64 64 70
rectangle 960 2048 0 64 64 73
rectangle 1024 2048 0 64 64 73
rectangle 1088 2048 0 64 64 68
rectangle 1152 2048 0 64 64 67
rectangle 1216 2048 0 64 64 64
rectangle 1280 2048 0 64 64 68
rectangle 1344 2048 0 64 64 64
rectangle 1408 2048 0 64 64 64
rectangle 1536 2048 0 64 64 66
rectangle 1600 2048 0 64 64 66
rectangle 1664 2048 0 64 64 67
rectangle 1728 2048 0 64 64 73
rectangle 1792 2048 0 64 64 72
rectangle 1920 2048 0 64 64 68
rectangle 1984 2048 0 64 64 66
rectangle 2048 2048 0 64 64 71
rectangle 2112 2048 0 64 64 73
rectangle 2176 2048 0 64 64 73
rectangle 2240 2048 0 64 64 71
rectangle 2304 2048 0 64 64 64
rectangle 2432 2048 0 64 64 69
rectangle 2560 2048 0 64 64 70
rectangle 2624 2048 0 64 64 65
rectangle 2688 2048 0 64 64 69
rectangle 2816 2048 0 64 64 70
rectangle 2880 2048 0 64 64 73
rectangle 2944 2048 0 64 64 67
rectangle 3072 2048 0 64 64 67
rectangle 3136 2048 0 64 64 71
rectangle 3200 2048 0 64 64 65
rectangle 0 2112 0 64 64 65
rectangle 128 2112 0 64 64 64
rectangle 640 2112 0 64 64 68
rectangle 1280 2112 0 64 64 65
rectangle 1536 2112 0 64 64 71
rectangle 2048 2112 0 64 64 67
rectangle 2432 2112 0 64 64 64
rectangle 2688 2112 0 64 64 69
rectangle 2944 2112 0 64 64 64
rectangle 3200 2112 0 64 64 70
rectangle 0 2176 0 64 64 66
rectangle 128 2176 0 64 64 64
rectangle 192 2176 0 64 64 67
rectangle 256 2176 0 64 64 71
rectangle 320 2176 0 64 64 70
rectangle 384 2176 0 64 64 64
rectangle 448 2176 0 64 64 64
rectangle 512 2176 0 64 64 65
rectangle 576 2176 0 64 64 72
rectangle 640 2176 0 64 64 66
rectangle 768 2176 0 64 64 71
rectangle 832 2176 0 64 64 65
rectangle 896 2176 0 64 64 69
rectangle 960 2176 0 64 64 72
rectangle 1024 2176 0 64 64 72
rectangle 1088 2176 0 64 64 69
rectangle 1152 2176 0 64 64 65
rectangle 1280 2176 0 64 64 72
rectangle 1408 2176 0 64 64 71
rectangle 1472 2176 0 64 64 73
rectangle 1536 2176 0 64 64 65
rectangle 1664 2176 0 64 64 67
rectangle 1728 2176 0 64 64 65
rectangle 1792 2176 0 64 64 64
rectangle 1856 2176 0 64 64 67
rectangle 1920 2176 0 64 64 73
rectangle 1984 2176 0 64 64 68
rectangle 2048 2176 0 64 64 67
rectangle 2176 2176 0 64 64 73
rectangle 2240 2176 0 64 64 68
rectangle 2304 2176 0 64 64 68
rectangle 2368 2176 0 64 64 66
rectangle 2432 2176 0 64 64 65
rectangle 2496 2176 0 64 64 73
rectangle 2560 2176 0 64 64 72
rectangle 2688 2176 0 64 64 69
rectangle 2816 2176 0 64 64 70
rectangle 2944 2176 0 64 64 71
rectangle 3008 2176 0 64 64 70
rectangle 3072 2176 0 64 64 65
rectangle 3200 2176 0 64 64 67
rectangle 0 2240 0 64 64 64
rectangle 128 2240 0 64 64 67
rectangle 768 2240 0 64 64 66
rectangle 1024 2240 0 64 64 72
rectangle 1280 2240 0 64 64 67
rectangle 1408 2240 0 64 64 68
rectangle 1664 2240 0 64 64 73
rectangle 2176 2240 0 64 64 70
rectangle 2560 2240 0 64 64 64
rectangle 2688 2240 0 64 64 69
rectangle 2816 2240 0 64 64 68
rectangle 3072 2240 0 64 64 65
rectangle 3200 2240 0 64 64 66
rectangle 0 2304 0 64 64 66
rectangle 128 2304 0 64 64 67
rectangle 256 2304 0 64 64 68
rectangle 384 2304 0 64 64 70
rectangle 448 2304 0 64 64 71
rectangle 512 2304 0 64 64 73
rectangle 576 2304 0 64 64 68
rectangle 640 2304 0 64 64 67
rectangle 704 2304 0 64 64 68
rectangle 768 2304 0 64 64 71
rectangle 896 2304 0 64 64 69
rectangle 960 2304 0 64 64 67
rectangle 1024 2304 0 64 64 66
rectangle 1152 2304 0 64 64 65
rectangle 1216 2304 0 64 64 71
rectangle 1280 2304 0 64 64 70
rectangle 1408 2304 0 64 64 65
rectangle 1472 2304 0 64 64 66
rectangle 1536 2304 0 64 64 73
rectangle 1664 2304 0 64 64 72
rectangle 1792 2304 0 64 64 68
rectangle 1856 2304 0 64 64 65
rectangle 1920 2304 0 64 64 70
rectangle 1984 2304 0 64 64 66
rectangle 2048 2304 0 64 64 72
rectangle 2112 2304 0 64 64 66
rectangle 2176 2304 0 64 64 73
rectangle 2304 2304 0 64 64 67
rectangle 2368 2304 0 64 64 70
rectangle 2432 2304 0 64 64 68
rectangle 2560 2304 0 64 64 65
rectangle 2688 2304 0 64 64 67
rectangle 2752 2304 0 64 64 65
rectangle 2816 2304 0 64 64 73
rectangle 2944 2304 0 64 64 72
rectangle 3072 2304 0 64 64 68
rectangle 3200 2304 0 64 64 67
rectangle 0 2368 0 64 64 70
rectangle 128 2368 0 64 64 72
rectangle 256 2368 0 64 64 71
rectangle 384 2368 0 64 64 69
rectangle 896 2368 0 64 64 67
rectangle 1152 2368 0 64 64 66
rectangle 1536 2368 0 64 64 69
rectangle 1664 2368 0 64 64 69
rectangle 1792 2368 0 64 64 66
rectangle 2176 2368 0 64 64 64
rectangle 2432 2368 0 64 64 68
rectangle 2944 2368 0 64 64 67
rectangle 3072 2368 0 64 64 68
rectangle 3200 2368 0 64 64 69
rectangle 0 2432 0 64 64 73
rectangle 128 2432 0 64 64 69
rectangle 192 2432 0 64 64 68
rectangle 256 2432 0 64 64 69
rectangle 384 2432 0 64 64 65
rectangle 512 2432 0 64 64 69
rectangle 640 2432 0 64 64 64
rectangle 704 2432 0 64 64 66
rectangle 768 2432 0 64 64 72
rectangle 832 2432 0 64 64 65
rectangle 896 2432 0 64 64 68
rectangle 1024 2432 0 64 64 70
rectangle 1088 2432 0 64 64 66
rectangle 1152 2432 0 64 64 68
rectangle 1216 2432 0 64 64 64
rectangle 1280 2432 0 64 64 68
rectangle 1344 2432 0 64 64 72
rectangle 1408 2432 0 64 64 73
rectangle 1536 2432 0 64 64 72
rectangle 1664 2432 0 64 64 68
rectangle 1792 2432 0 64 64 65
rectangle 1920 2432 0 64 64 65
rectangle 1984 2432 0 64 64 73
rectangle 2048 2432 0 64 64 65
rectangle 2176 2432 0 64 64 72
rectangle 2240 2432 0 64 64 73
rectangle 2304 2432 0 64 64 73
rectangle 2368 2432 0 64 64 73
rectangle 2432 2432 0 64 64 66
rectangle 2496 2432 0 64 64 65
rectangle 2560 2432 0 64 64 70
rectangle 2624 2432 0 64 64 66
rectangle 2688 2432 0 64 64 73
rectangle 2752 2432 0 64 64 69
rectangle 2816 2432 0 64 64 68
rectangle 2880 2432 0 64 64 65
rectangle 2944 2432 0 64 64 72
rectangle 3008 2432 0 64 64 68
rectangle 3072 2432 0 64 64 73
rectangle 3200 2432 0 64 64 68
rectangle 0 2496 0 64 64 69
rectangle 384 2496 0 64 64 70
rectangle 512 2496 0 64 64 73
rectangle 896 2496 0 64 64 65
rectangle 1024 2496 0 64 64 67
rectangle 1280 2496 0 64 64 71
rectangle 1536 2496 0 64 64 70
rectangle 1792 2496 0 64 64 66
rectangle 1920 2496 0 64 64 67
rectangle 3072 2496 0 64 64 73
rectangle 3200 2496 0 64 64 64
rectangle 0 2560 0 64 64 69
rectangle 64 2560 0 64 64 68
rectangle 128 2560 0 64 64 69
rectangle 192 2560 0 64 64 64
rectangle 256 2560 0 64 64 67
rectangle 320 2560 0 64 64 73
rectangle 384 2560 0 64 64 68
rectangle 448 2560 0 64 64 72
rectangle 512 2560 0 64 64 64
rectangle 576 2560 0 64 64 71
rectangle 640 2560 0 64 64 65
rectangle 704 2560 0 64 64 67
rectangle 768 2560 0 64 64 73
rectangle 896 2560 0 64 64 71
rectangle 1024 2560 0 64 64 71
rectangle 1152 2560 0 64 64 67
rectangle 1280 2560 0 64 64 65
rectangle 1408 2560 0 64 64 68
rectangle 1472 2560 0 64 64 72
rectangle 1536 2560 0 64 64 66
rectangle 1664 2560 0 64 64 67
rectangle 1728 2560 0 64 64 68
rectangle 1792 2560 0 64 64 71
rectangle 1920 2560 0 64 64 71
rectangle 1984 2560 0 64 64 70
rectangle 2048 2560 0 64 64 68
rectangle 2112 2560 0 64 64 64
rectangle 2176 2560 0 64 64 72
rectangle 2240 2560 0 64 64 65
rectangle 2304 2560 0 64 64 68
rectangle 2368 2560 0 64 64 67
rectangle 2432 2560 0 64 64 68
rectangle 2496 2560 0 64 64 65
rectangle 2560 2560 0 64 64 68
rectangle 2624 2560 0 64 64 73
rectangle 2688 2560 0 64 64 64
rectangle 2752 2560 0 64 64 68
rectangle 2816 2560 0 64 64 73
rectangle 2880 2560 0 64 64 70
rectangle 2944 2560 0 64 64 67
rectangle 3072 2560 0 64 64 69
rectangle 3200 2560 0 64 64 69
rectangle 0 2624 0 64 64 64
rectangle 896 2624 0 64 64 64
rectangle 1152 2624 0 64 64 67
rectangle 1408 2624 0 64 64 66
rectangle 1536 2624 0 64 64 66
rectangle 1664 2624 0 64 64 66
rectangle 2048 2624 0 64 64 70
rectangle 2816 2624 0 64 64 69
rectangle 2944 2624 0 64 64 66
rectangle 3072 2624 0 64 64 72
rectangle 3200 2624 0 64 64 70
rectangle 0 2688 0 64 64 66
rectangle 128 2688 0 64 64 73
rectangle 256 2688 0 64 64 70
rectangle 320 2688 0 64 64 66
rectangle 384 2688 0 64 64 70
rectangle 448 2688 0 64 64 66
rectangle 512 2688 0 64 64 72
rectangle 576 2688 0 64 64 64
rectangle 640 2688 0 64 64 65
rectangle 704 2688 0 64 64 66
rectangle 768 2688 0 64 64 68
rectangle 896 2688 0 64 64 69
rectangle 960 2688 0 64 64 66
rectangle 1024 2688 0 64 64 69
rectangle 1088 2688 0 64 64 68
rectangle 1152 2688 0 64 64 70
rectangle 1216 2688 0 64 64 70
rectangle 1280 2688 0 64 64 68
rectangle 1344 2688 0 64 64 67
rectangle 1408 2688 0 64 64 73
rectangle 1536 2688 0 64 64 72
rectangle 1664 2688 0 64 64 72
rectangle 1728 2688 0 64 64 65
rectangle 1792 2688 0 64 64 67
rectangle 1920 2688 0 64 64 65
rectangle 2048 2688 0 64 64 69
rectangle 2176 2688 0 64 64 71
rectangle 2240 2688 0 64 64 69
rectangle 2304 2688 0 64 64 66
rectangle 2432 2688 0 64 64 66
rectangle 2496 2688 0 64 64 73
rectangle 2560 2688 0 64 64 68
rectangle 2624 2688 0 64 64 68
rectangle 2688 2688 0 64 64 69
rectangle 2816 2688 0 64 64 71
rectangle 2944 2688 0 64 64 67
rectangle 3072 2688 0 64 64 70
rectangle 3200 2688 0 64 64 71
rectangle 0 2752 0 64 64 70
rectangle 128 2752 0 64 64 71
rectangle 384 2752 0 64 64 65
rectangle 768 2752 0 64 64 66
rectangle 1152 2752 0 64 64 70
rectangle 1536 2752 0 64 64 69
rectangle 1792 2752 0 64 64 73
rectangle 1920 2752 0 64 64 68
rectangle 2048 2752 0 64 64 73
rectangle 2176 2752 0 64 64 68
rectangle 2304 2752 0 64 64 72
rectangle 2432 2752 0 64 64 69
rectangle 2560 2752 0 64 64 66
rectangle 2944 2752 0 64 64 64
rectangle 3200 2752 0 64 64 72
rectangle 0 2816 0 64 64 66
rectangle 64 2816 0 64 64 65
rectangle 128 2816 0 64 64 68
rectangle 192 2816 0 64 64 71
rectangle 256 2816 0 64 64 72
rectangle 384 2816 0 64 64 66
rectangle 512 2816 0 64 64 65
rectangle 576 2816 0 64 64 69
rectangle 640 2816 0 64 64 73
rectangle 704 2816 0 64 64 71
rectangle 768 2816 0 64 64 73
rectangle 832 2816 0 64 64 73
rectangle 896 2816 0 64 64 69
rectangle 960 2816 0 64 64 67
rectangle 1024 2816 0 64 64 64
rectangle 1152 2816 0 64 64 65
rectangle 1216 2816 0 64 64 68
rectangle 1280 2816 0 64 64 65
rectangle 1344 2816 0 64 64 64
rectangle 1408 2816 0 64 64 72
rectangle 1536 2816 0 64 64 71
rectangle 1600 2816 0 64 64 66
rectangle 1664 2816 0 64 64 69
rectangle 1792 2816 0 64 64 67
rectangle 1856 2816 0 64 64 69
rectangle 1920 2816 0 64 64 66
rectangle 2048 2816 0 64 64 73
rectangle 2176 2816 0 64 64 67
rectangle 2304 2816 0 64 64 71
rectangle 2432 2816 0 64 64 64
rectangle 2560 2816 0 64 64 65
rectangle 2688 2816 0 64 64 68
rectangle 2752 2816 0 64 64 69
rectangle 2816 2816 0 64 64 71
rectangle 2880 2816 0 64 64 69
rectangle 2944 2816 0 64 64 70
rectangle 3008 2816 0 64 64 70
rectangle 3072 2816 0 64 64 73
rectangle 3200 2816 0 64 64 72
rectangle 0 2880 0 64 64 67
rectangle 384 2880 0 64 64 68
rectangle 1024 2880 0 64 64 64
rectangle 1664 2880 0 64 64 70
rectangle 2048 2880 0 64 64 72
rectangle 2304 2880 0 64 64 65
rectangle 2432 2880 0 64 64 67
rectangle 2816 2880 0 64 64 70
rectangle 3200 2880 0 64 64 67
rectangle 0 2944 0 64 64 73
rectangle 128 2944 0 64 64 69
rectangle 192 2944 0 64 64 68
rectangle 256 2944 0 64 64 70
rectangle 384 2944 0 64 64 68
rectangle 448 2944 0 64 64 72
rectangle 512 2944 0 64 64 70
rectangle 576 2944 0 64 64 66
rectangle 640 2944 0 64 64 73
rectangle 768 2944 0 64 64 65
rectangle 896 2944 0 64 64 66
rectangle 960 2944 0 64 64 70
rectangle 1024 2944 0 64 64 65
rectangle 1088 2944 0 64 64 66
rectangle 1152 2944 0 64 64 73
rectangle 1216 2944 0 64 64 66
rectangle 1280 2944 0 64 64 69
rectangle 1344 2944 0 64 64 71
rectangle 1408 2944 0 64 64 68
rectangle 1472 2944 0 64 64 67
rectangle 1536 2944 0 64 64 64
rectangle 1664 2944 0 64 64 64
rectangle 1728 2944 0 64 64 67
rectangle 1792 2944 0 64 64 64
rectangle 1856 2944 0 64 64 69
rectangle 1920 2944 0 64 64 69
rectangle 1984 2944 0 64 64 69
rectangle 2048 2944 0 64 64 67
rectangle 2112 2944 0 64 64 69
rectangle 2176 2944 0 64 64 67
rectangle 2304 2944 0 64 64 65
rectangle 2432 2944 0 64 64 69
rectangle 2496 2944 0 64 64 69
rectangle 2560 2944 0 64 64 72
rectangle 2624 2944 0 64 64 73
rectangle 2688 2944 0 64 64 70
rectangle 2816 2944 0 64 64 66
rectangle 2944 2944 0 64 64 67
rectangle 3008 2944 0 64 64 71
rectangle 3072 2944 0 64 64 71
rectangle 3136 2944 0 64 64 69
rectangle 3200 2944 0 64 64 67
rectangle 0 3008 0 64 64 68
rectangle 256 3008 0 64 64 68
rectangle 384 3008 0 64 64 67
rectangle 640 3008 0 64 64 71
rectangle 768 3008 0 64 64 67
rectangle 1920 3008 0 64 64 71
rectangle 2176 3008 0 64 64 67
rectangle 2304 3008 0 64 64 71
rectangle 2432 3008 0 64 64 73
rectangle 2688 3008 0 64 64 71
rectangle 2816 3008 0 64 64 73
rectangle 2944 3008 0 64 64 66
rectangle 3200 3008 0 64 64 73
rectangle 0 3072 0 64 64 68
rectangle 128 3072 0 64 64 73
rectangle 256 3072 0 64 64 70
rectangle 320 3072 0 64 64 69
rectangle 384 3072 0 64 64 73
rectangle 512 3072 0 64 64 66
rectangle 640 3072 0 64 64 70
rectangle 704 3072 0 64 64 72
rectangle 768 3072 0 64 64 70
rectangle 832 3072 0 64 64 66
rectangle 896 3072 0 64 64 69
rectangle 960 3072 0 64 64 73
rectangle 1024 3072 0 64 64 73
rectangle 1088 3072 0 64 64 64
rectangle 1152 3072 0 64 64 73
rectangle 1216 3072 0 64 64 72
rectangle 1280 3072 0 64 64 65
rectangle 1344 3072 0 64 64 67
rectangle 1408 3072 0 64 64 71
rectangle 1472 3072 0 64 64 68
rectangle 1536 3072 0 64 64 68
rectangle 1600 3072 0 64 64 70
rectangle 1664 3072 0 64 64 66
rectangle 1728 3072 0 64 64 73
rectangle 1792 3072 0 64 64 64
rectangle 1856 3072 0 64 64 69
rectangle 1920 3072 0 64 64 66
rectangle 2048 3072 0 64 64 73
rectangle 2176 3072 0 64 64 64
rectangle 2304 3072 0 64 64 65
rectangle 2432 3072 0 64 64 69
rectangle 2560 3072 0 64 64 65
rectangle 2688 3072 0 64 64 72
rectangle 2752 3072 0 64 64 71
rectangle 2816 3072 0 64 64 72
rectangle 2944 3072 0 64 64 66
rectangle 3008 3072 0 64 64 73
rectangle 3072 3072 0 64 64 65
rectangle 3200 3072 0 64 64 65
rectangle 0 3136 0 64 64 65
rectangle 128 3136 0 64 64 65
rectangle 512 3136 0 64 64 67
rectangle 2048 3136 0 64 64 66
rectangle 2304 3136 0 64 64 70
rectangle 2560 3136 0 64 64 65
rectangle 3200 3136 0 64 64 70
rectangle 0 3200 0 64 64 65
rectangle 64 3200 0 64 64 64
rectangle 128 3200 0 64 64 67
rectangle 192 3200 0 64 64 70
rectangle 256 3200 0 64 64 71
rectangle 320 3200 0 64 64 71
rectangle 384 3200 0 64 64 66
rectangle 448 3200 0 64 64 64
rectangle 512 3200 0 64 64 72
rectangle 576 3200 0 64 64 71
rectangle 640 3200 0 64 64 69
rectangle 704 3200 0 64 64 66
rectangle 768 3200 0 64 64 69
rectangle 832 3200 0 64 64 69
rectangle 896 3200 0 64 64 69
rectangle 960 3200 0 64 64 68
rectangle 1024 3200 0 64 64 72
rectangle 1088 3200 0 64 64 65
rectangle 1152 3200 0 64 64 68
rectangle 1216 3200 0 64 64 65
rectangle 1280 3200 0 64 64 70
rectangle 1344 3200 0 64 64 66
rectangle 1408 3200 0 64 64 72
rectangle 1472 3200 0 64 64 66
rectangle 1536 3200 0 64 64 73
rectangle 1600 3200 0 64 64 69
rectangle 1664 3200 0 64 64 65
rectangle 1728 3200 0 64 64 68
rectangle 1792 3200 0 64 64 73
rectangle 1856 3200 0 64 64 67
rectangle 1920 3200 0 64 64 73
rectangle 1984 3200 0 64 64 67
rectangle 2048 3200 0 64 64 71
rectangle 2112 3200 0 64 64 73
rectangle 2176 3200 0 64 64 69
rectangle 2240 3200 0 64 64 69
rectangle 2304 3200 0 64 64 73
rectangle 2368 3200 0 64 64 73
rectangle 2432 3200 0 64 64 68
rectangle 2496 3200 0 64 64 69
rectangle 2560 3200 0 64 64 66
rectangle 2624 3200 0 64 64 73
rectangle 2688 3200 0 64 64 64
rectangle 2752 3200 0 64 64 66
rectangle 2816 3200 0 64 64 69
rectangle 2880 3200 0 64 64 71
rectangle 2944 3200 0 64 64 65
rectangle 3008 3200 0 64 64 72
rectangle 3072 3200 0 64 64 72